7000845771804922499
4958254380790989711
10598229297954125166
12901252586431044677
18103477709014715904
1793451301447691116
11717955013272963197
7977329446003629839
10809972375139050523
10510086075671591355
6919799629315984457
1177409739750602087
10698080624409485748
17993012560081327172
390385940916916566
3315075071627675987
12396322935127932983
2153074572052676270
2625824469892522037
6770160447222844057
14526490964560740557
3514162894983768369
7921010042852655737
13995050094879650509
884341139696995235
2696829532733609556
12972070063790530419
5406877497900199604
16624158522799278961
11864335036854622288
8133016808736418347
9789073094120599899
7376126071614061824
17656138685420636319
14240252381048963694
8192649055858755329
8724772013378868048
11496729490904069937
15885346679761941694
16093491092271619752
17842017933334242674
12781323595079002121
17493496960524767727
7239895415403783396
10028388131449778439
3569620941536216447
16409710093690930576
3431088403082375425
1930106782031704246
10145060427416176925
7749622397774254448
7538990025019823971
2388800655533368103
8557505403839697191
17624022906636286777
6241319175281620331
5250808898297760501
5210997754589167492
5999757988317492153
8733135735399879348
11805658437138134945
249430445823047056
16907292640137617309
10369234613281686876
3615459022515408734
2184458730874466539
14377161861764096039
6652924661562388527
10849145909092102926
4978827165085289348
16201312687355561907
16325481732621471148
9473227909695255092
292370003498086014
14263502927629039893
3130847609085342074
5167283822296299264
5710049728065548138
1279820821161186044
12873464418596658661
9136236885244083856
4260874918131852880
8580351270341510336
17943430569793861042
14093768997951862232
9051463043593844525
8662821440106647164
17687049906845217836
10178763987731859515
7441836847354302231
14338726585048222755
130354537314573721
12025223039833166118
1793262443250886405
3373654063899228840
14653138350906847039
5412809552625855405
8592865115448825781
5734455057647053320
3462585001520543217
7685174257632920670
1932954226235326741
16751620663944736212
15041937279918806200
8078028088813523543
4903983883370875398
1429260852112647343
2166003145311671576
4298023949283142513
9484434794145264260
18168044814384065553
3471883002384068600
11435706287017243621
9903608376048564740
3414815106460608619
10709311827837489311
875449047205964137
15758583134044099629
3062101357112587768
16104655126669346802
5347931431745048447
2963172802360016983
9746595112321800150
8546912168315498681
7157710204970176874
2475950824969879670
14512135094190132535
17430528891473177287
13037680716969448434
14173739282868627224
18092981237520256396
5613101194793349540
245326353667862201
2230253901066263044
7201267050201448663
5452215665731553077
11773287944249531041
2395080062654058788
713441417318086531
17680610483174979867
14752556090041269533
3591140591237222221
6396932584952353024
5771155065140487256
11324541444950457333
16119418396039750298
14688144781620880452
12912608313681008924
5105347177555062311
10824102504138125679
117329826732239394
16115276318380654996
17471979920550186841
11210551280754575497
10923863783567849610
11318944273128352071
13448942114058619451
9786563363461920130
10391031157048711802
4853378038822723808
4648997630212308615
554649316455358933
5713834158639375814
16288385157532698557
13485963033200927450
12454069457767220707
6247378040263719381
8679958852692926423
16114112437498739637
17711269094530579877
7252499863277869864
2282749262960215051
16433033580771957076
18058111740402715293
9186689725558412952
13405764961308934392
1820161685765210793
12152813380892460561
5801222464343704103
11507021472549461626
9014937472428771084
7285851657718647451
15196524563873950454
7269113258771475173
15727670826219532524
11236981849303015145
5056627677658869981
366405675765249488
12949292501291866321
7498162591443569277
317896190536512942
16101948520572046396
3425299681257996359
10116930573864919065
13734355594044212011
16914240058885989980
4826638155831361494
2611674383047128087
6568798968314321770
7412843455779132614
12523984737460342909
1852260297202369362
10365456490257069123
11801771451831038405
4754385682122798624
4296169350641917571
294714945237488933
18028282553395357174
8339571450355946795
5661490881360460778
6761292355624140317
7331804930058665029
3643472269915660955
2562184563453707159
9178365999393274155
13819563785197198002
18343386952680512419
740479879334680172
808217103703267663
4022114478259022430
6959139280061272570
10446715837146650076
3367356414789658775
18439788862623977267
10350791642911765472
8586646938496146217
1093398473284298545
9192666334657396886
5962603127299913543
2420800379642698948
1587458341585631140
16811285236398789374
589893705608754638
17040387363433086635
15252334465803000277
6310514647222242011
7067580320935790471
9488241931137493763
8008627931793161608
16657457067640937016
17375518914690388336
16712831824868830255
5300027781131027963
2352496433473694046
6423274311406631896
6393283797010742278
8599319017637599361
16273383199303557118
264878957088763007
9409553450795506302
18269130463371577862
3489597749195716975
11566814276386872369
17422064234333614861
9993784927544937481
8520674632780401502
612320428804109071
14356262914335190008
13066585381076873897
11284724037076470687
10281545215121849496
10867291656642796153
16240159602530830026
15139597567158644544
12907663522387145898
4299338907232671121
11629539327989074103
5498248066231476657
16936030351504696786
2341052796001172057
1531925283962311245
14704633308551724814
3376573942038018059
6763132280781511734
13243440239182087420
11559105442901676489
3949008032583187470
4937089514292297742
3391876610395339579
10362128985473105043
7693732029447800002
7578884258361981037
4049004167583279485
13613812054597285494
7920788421792719827
7879669688932633270
10960459168507505566
15281887079993785281
17588958234984599974
18303384593860028392
9533950014975512686
2897615851509429575
1585363724570656878
16258746231868352007
16253825848391681223
5814649957949510301
13133592992518866220
11006493326998355015
8424002446755278516
769998213994109422
4770889365255355088
5902309709413177831
3099635900214793043
11542239749695721347
15023120341288783580
6308055112360783821
16423814453542187691
6106797350371484833
4030695789117089548
2695526383465362296
3559896112738321844
12869834961752997600
1939902501695765350
17868678137178510085
14609661994784941813
3743830647959993651
13141301637343053970
2857982988756876914
11990194884456088892
15383334462045014377
4352715822140420184
13544944094978179351
12711246461157628784
15980240596571630877
15638125113730223744
12779702000719045412
18281093309429677557
6701171825021902710
1656860823770890860
18033308679528644101
18436217563975934820
15058422352015571374
3335351175130535196
10386959733527023007
4296652381501927680
9398482074327907036
64402692607343849
5541072814294256149
15699760269449435546
15611444962809173780
1031434005842872188
1698583918485033625
1576937975176564599
17750538588247953321
9407947998497417427
6702096851958387252
16795731671175932553
12343308531686038516
23053155479052763
6653521283583600797
1636623318519374634
12851378650862434015
14934919756473503216
7543520068036118916
12139392256935764057
7336281410214329659
9723403597960517897
89262346721501278
2027173883199392346
4665056085402961152
7122972083045419638
12807098760745947470
3596032922600936038
13304225388907411026
8437499557750803638
1836023655719336825
7577361620199282930
14944665100909091277
5232250845365493339
3650623697554315733
2875423015529994842
9758340966012614225
579852513183460494
17690274349281365484
13264255409734056312
4663676001599555413
10204162093954548897
724741111534873313
9074979504279612410
6641676112201123798
4721453685811861498
6710462193804211049
161963409198169828
4942128294197419353
13776675765796470267
9349567178242701508
15228490101311649397
17326885395176826171
13375367968550769439
17327801842917282341
12486039617458434355
1557815587934168770
5581126770812943588
13862786856609794290
8986387733149782296
2323171188975310708
12791339665914827202
5902443389491322383
11385476198740106337
1558373593284820331
12894093931965553817
10984980929556406613
10310651210555243269
12772436193464486027
9366188586632458496
16884052829486991953
15023526048669360176
3543672811116005933
4648107450524202624
1852573744327632201
5250711133498637786
9635824312023132239
4068302695811189428
15374007113123400790
10769968392565971060
14197677467157070497
7182239305534482820
9098059304265712276
18284700774003652427
12758404596897171558
5298159711349614664
9581336549927999220
14931291392383090944
3364448024911198253
1607323193125566247
12370480015225921981
10496654972449109715
11741720818201168481
12424005651713073364
4436874949919269089
12446474884563019332
14172675575889168000
6300752309641338794
16278321967005492715
7849612845940692214
975004924447112465
4900300581651804005
8303847364520369903
10756334946463017876
16732983591622548121
4476752093450067952
17321676709846425815
4176098693248744485
11483158760157913653
17719688407499623822
2721135136690132981
9314025033155299316
8649451639879453282
12795551824988282349
10766663856762532044
9274130318077673540
12790557752940097685
14940576927794127517
13480103596922183820
17404703355433856514
6939534493961664325
2424367262222852258
4777183682726866261
13866128573358712521
10499797446220595234
11585051315090833372
17945177819929160642
10378982144031230851
16668367378896354810
175709140664063445
11755067650369879211
13560730012673621379
5853213250391872764
18062384977745321608
4972941513091912655
18443876812163459245
16815587294754905968
18058959492752725179
860646685318203888
4199106772852197136
10710680845333033036
14101797839945618249
12664151417264630751
18425825819985265225
10989164087801769651
7380535657874550404
11815625515120623172
13110258269054959225
638838422686487752
5399819113679572790
14840798169524182543
12517870911964256480
13986477022807682626
4842678263410380515
13495661385189165194
16274164001260163449
3902513588790369423
14133141569517739308
10238799944827055117
5116084185025412112
1003251960209889744
12128413677804158297
13714280159407158222
16421813246984783773
6921693591014952617
5181947862468793897
13484242648833844735
15862240330726101826
5570320710801906461
7704602337960109514
4709282078213131767
16818474568953093277
2527944767643732302
4576961649771673297
12801613357412586922
8836578963041465006
1324777754421081428
8385961757159702362
5790037903958139032
5410875577648047364
10916624420506582459
5558820745454410573
5430313960706996564
5337329123593208795
381138596095019762
7826615978963791124
4832289581136538168
11750776946266143817
8013083660120867999
11883541573438618451
13716558967679116600
2921869047206054112
5510770487311421237
2384504517869045406
8728801772604335827
5056881515682458677
8490489577355739386
3257813474790450945
1254337017620749249
17380878254672331345
17305723568557168929
3006200700065260478
6637997886700863579
6009066222038478026
18074535006939870575
17994403362467927895
12828880264315393406
1930119502813346391
7093290157470596608
3226278000312683293
407454486169166354
2523440336278625134
11112250543851011001
15741204023044453110
10484473116851100090
1415886108597391694
5444990883052817700
4720832245504335450
15128466317967675620
7400463899165014432
5867071104858558399
12037718629760603369
11381969010145314376
6976927850463942463
2390318150803398132
12824788456139845153
15663360147277336802
245026538851544492
12425431365211463339
2314911926978870894
6887861968630441006
2066818712877349019
16462293558674817078
10376664469606364840
3576434596684176303
3405053756499156395
4294460301356598455
7778303247688211003
15596683148295707772
10120444538096902606
12588524653831297983
4617029956628052854
7115003028678558925
15432315346188360027
15024947329191620417
7591905682700308682
7789476039174757266
1117974784349799798
16226008129605785547
7449235211749362952
13803992762280131529
3108731633584905833
14580863104354186319
3655903964719885089
12667094859515671760
14843000947122862274
17754568967441135900
11835445243659186311
13148493688305131151
14959861864166763878
6447853112792522467
726775686307036738
15214851743418306864
8010179093882852092
72861131714166968
17919231865228233074
6737036698517533736
9070889379803540979
14028648455724836855
15278981006963112848
15453720752717249139
9258132113328642972
9102393498145208007
7408123642267895904
10517089462256545088
7365871965532715770
8139019726001459428
5929751743546730495
10292388793301546366
9497645061711976567
17665624763589345489
3643924559480673656
5817832215594794129
13131308072068417517
13215616734544565882
15316734229155788838
12191485384353572110
3193108652378301936
8460179566364730916
270791489524579252
10079621956014394169
6273584155289997339
14939086525271049287
17766916626110177046
7520276392704495314
11432334917157892430
6877372337566796287
15232310108974881290
7713750459368606347
3402327695658868
13376907649671927026
2684148881038589965
3103156790700234535
15076531927014412217
8702477763138079079
17097505236384932740
10896978535163450565
8396560619571053021
10499361384359372453
13341346821300306734
7924417794097389655
14047777953436629139
3464250619275882316
1217675586197782537
1524900732088925304
6189137155966579068
196164000323141891
14863945479638884865
16046281498413604975
6382915562525525365
9833947767401609543
12480349731112538069
15987562636315499019
2370195109178193623
915337801116418853
1935968282449877714
11249061071130685498
9334125933383449468
3270764065231331867
12647156758331518421
7770175218878412692
1330577603164561878
3152967051375672141
15631817165971836655
9922961711284270024
8493132459825224233
15557956863316698622
4977782817296956375
4019749883771297966
16908970737902866006
15884437884585739455
5311501775875176966
11612428980885488057
4496558276044718452
18383779118834542936
7657295462018417221
13780247013045803021
13213913016535249482
15105243730770378200
12833974874406977665
9016471331772401507
4856031234478376259
16688552336307531922
6071340589072408363
15499863994394631483
1226014893063428247
18177803356597355853
2266991341909264216
13587682292076173600
6584454706510663443
4218064560206693365
93414843111053058
7729903396876111819
6131698367602166502
10894167408143734271
9584301381509663189
15123829419855288551
2838308492144141693
8621623376181858846
4757845243628236503
2333822638188554918
14164365955130192145
10421416527812731093
263595066299794811
15150245949477786945
15227273758358262657
9200913310499870561
11374813526723212984
10357414230793462797
11448512787022636527
14255808429009870193
10819005836276144179
3674561312003436407
17812465487688243455
14017306961417567440
18262385411353139234
2198245495511366110
11776373430203879755
15583487370287253126
12157973480088649295
12123205894193101138
1405290785050068915
11521188947796822260
4750006278373627722
13476336407486119116
5259767768678831576
14281838646139608222
15059166096033804276
15974589237040333724
1733443065755231484
17607032249356575074
11820746396342447621
10718568515298288549
7263732468482953448
118050622720872897
775615972314750163
5192304316578510646
1024507415433489466
14190193859557313953
10049132907287513427
3963466351163031541
9301601835177263750
7091422737122059085
4775349519961820755
5178657462967356871
17271039840403050347
10286272989802351349
4164710085794770900
16564087817471123854
1623793568245074539
6495788720563123690
1432377132606921329
5230550493951686874
9362064247526595329
8745543732185181591
718773846067727771
6691733845598352937
16128085337804951456
16416745320719094805
563717752985820924
15522041690857297680
8242060110592692109
13594889785186789104
9474978822671716006
7480124443258634822
4176462485530171874
14071021507530736944
7968787642238113551
8662406041602538715
17596550914853970920
2881166120653694068
3524204483233158061
13258170952945928004
1230438136348148969
14531559825040428705
1865019883113530521
334863171905822008
16638231290664011598
2556378621957656962
3698448859525901501
6797411690933498180
4606217853266222647
5136118628760010302
5768109575097846447
2457809822672291144
6066197712655069679
12836111458883706234
8944999739150821568
5746424095347708407
6943936833464164730
5845588423516538675
9555119232480148806
14379141237541243108
18377506233889590115
212548841205714157
9395327949357763331
4768649476133524456
12062072498683910245
2182916981442776078
5144975124312728303
5372174076544095272
942180627541895410
18251061154986932462
524644160938202033
18436996993346350700
10940867032480834043
5090281797935847014
14727034097804213711
14975492736767789007
9863390714300435144
11999260088146931671
1071270804179696826
8465269202840050954
2859244162468971828
15718589791487561316
5915833933660860519
2819430416597849577
14165645540348547895
745226882752395365
17472172473125283344
11341085977730008796
18271851005631522010
6254171052790542246
1707069988924268262
13975034375900685270
11257085223093389692
11721969958014665000
12206715125188657475
2955963120987059715
13844447121519496889
1491214465001513433
8336033964037898510
450765674162414330
1800076739932082492
12989248220618771313
1969145579502824878
9926872610105193947
14304068274333498831
11018617853624994668
13345188517421938321
9479048996459933279
17652946711389985509
10037011451751065232
11749364903356308872
13736461986301758031
7209064508027106934
2789336762423191673
17815994142982618149
9802908568566252035
10249432206609553595
5227647927232307308
9616487583577284920
6434300723125209773
1516112112842375390
14784997457830745199
4572859883224158185
18063520338866292584
10343763913490184379
11761538282494433069
13154249391172225600
12753437852018236145
8546032646399382045
17923663628862456398
10920968869397585096
1252544056414709642
10336620601643061093
257703355000630522
3671525243323723622
3625289431867075763
612021019218137776
3141848299427510268
7166943399326356432
1973889072253038804
9292428454675795242
14467042147963387494
7460514629893651297
630592792666973286
15472063364938246324
5698456369847749952
4380031165717025008
12257409687323140212
4690193834478367738
3106148033536351877
12966766869724580440
17670592509221295346
11656171425640850143
5177397504712229645
2487651194628158992
16381804760324076356
14603918342757422350
10890981740964026010
16360090180706590399
13509914779119343557
7578559768989308076
10138666591205184389
15646032033258433738
2065879487183183753
6164987928295446189
1816069062166387881
15404213208643164948
4842242889463754587
16169625941213941861
16240463920551615837
7204030501889841499
3771239079164516429
7215888458796792598
6698777770673200631
2210912661016503194
18213009559390900645
12789225553120327991
14969591563248208421
9284229413609540921
883581543320883478
795559483399168301
3711133599889836728
4022014960331330548
17341574753543614418
14736084209075284037
1090651534427061089
13824707998958016371
4888460692359770901
10786826226857210557
17781386143864023836
14843359714348730618
6636826686157816864
11296115181244104708
9797042387518769250
1273581096662602169
3890324020385042641
8358065672274658570
13218504726921396708
5146563858427670329
3509585047720804423
13952010362767055169
7452543528089219503
8550231791077915917
9456486827424006684
16320119669419242301
138006965856601601
9374084420018139113
8162753022641130238
16781470207570234751
18095571982580252620
6860621895765887503
6626503869300168525
5488705402272986692
9961724019705625590
11784760997473652500
6731053805255910103
13748730938713784210
9955306352521083451
120405436663532816
1499151424542549742
14242348532827105482
11034761515211365085
10156632394173440598
5395831981857757587
9697164928745261291
10446258292557812066
777811691125689445
2815288308374459497
18074443311934113391
3904326588771593564
8574592601653271643
7381654146738016735
9861718950932213301
15701228997573447992
4011734480782404819
6750091849742819998
9551866050381380877
3439133486480369277
10442415442979193813
4391181444598895655
17558946135175305480
1051115998840856279
17250685674731142825
11645529976674763174
8034938053093709310
16476945449784951331
5295640654413992876
17490728495025015969
11282892838585199229
2102412882824974084
5104913001312256575
5848041364859105844
7619175899270304488
15459743885379473092
5631590580508147913
7339163888144405539
9075638147320061845
8974871059404732294
9469251217667744366
352312316893958602
15171519970100599643
11088381809600192930