1135963735788410567
12086425634612644029
5567287972438488538
9984006744467814633
872426332753562863
11921448682219777248
3066531053767159451
4071917760237221149
16114963458499209019
12855979747847843087
8286504469322111671
11469833952223086967
9658399501043255932
7372518204739674866
8877920795511413375
342313593939956669
7911446209252048798
14438590803620631374
18262635688744042430
15208881013640590352
720872726293919339
16772677807306054804
6286125942303181756
962696842291263803
11369021024165440708
16226907626226693180
2749817439721924566
601586001628181381
7713316129129361486
12186268410084157289
14868035388564787899
12180124610452129036
11216021220869109135
5416194161613545559
11535713361947058922
5325888452341877466
13359622391460578123
18105808192661218182
486754334449937698
17776376904168365924
12791832036634697150
3665826229967279682
2654672742944801857
18126786901193111219
982547939519014486
10557266139498238585
3903948731184671652
13847757211005370034
3331481178353265536
17891865015349429650
1208409771958235182
5215428935877559489
12415497072939915502
4910835306928330278
9224073048485234942
9715048526744066466
13724621149542799974
4632827570948478693
13858218876057069285
7645694424346642517
5318622110800412536
3172307100095720233
13521731996236672977
16966203136623247853
8894040649831433552
4388698536534787484
13890820589171978398
11156862949006826899
14863993634195649074
9898185456726452670
13568460469202360942
9075984212677978743
8619310660229221430
340100598709015927
12250049717304137026
9710794580756625972
11953489611164173606
7129300656387060712
8612027106520169850
7732160777985364031
9031914975833428258
9451757818721504404
11532481759865651304
9839878477547644087
355763991190512513
1913248776668311398
16150254381615502218
4390864190103988803
6270995682503773388
17675226338532525867
3922050347244294494
9010884911331057679
11986711941076235060
15832345043924678330
11022150269653799781
2252768947023847102
5455696197787686527
17651782990384696818
11254516544837120492
3604612891901310947
8443724803095957716
15361412713530202637
7861558767307807256
12818007474089434944
14228607415190866520
13098766506267527591
7041654808162939327
12646871219965953738
9625242511955948289
16829503106218391169
11588914042494088469
14153861100152723193
17313354178866940510
9427160548018617153
15338571084295331991
15884761965106828792
4534035389761636805
1185485589832535949
12671324254465962451
9227808728580616425
9288658061311446068
4654591527081888988
14205744018980187287
5878386154771135767
5340307270009271772
15651889050103293515
10408801312899555378
9283385703100541320
15661485069810684931
238882762084786187
8371989404220791162
11221559161301743036
5029423153604095460
5795976756464574274
14367575115526500004
17915648446640980859
1645344638083014078
13969949362885139156
16701496455528376868
18284600235969371229
11635726017132071543
14704673432941493851
17293757135688295500
12917940474933313012
4010181102393770394
1326318131105870209
14466933072360536727
10558569129447603756
9887624780126148039
11505609371758459627
4743081798260857636
1618222182214845159
4897760507894593028
9955099572564261020
10993745664311973954
2787830641727598701
15530515201264184980
16904300150766730729
2704834845039179112
1800878234529839336
2216321935074910254
7683393761709300735
16573623276312312384
5043242466252338763
17897759238431646355
1325270469005456104
17687016820468643362
4730204872943564259
9010467526592506309
2190630341695210285
12554365115936569765
14170743376935166938
10026320505137258526
3445976889871763440
4701254606380690760
12331383630583709844
15110390689512503923
15872261694269035627
16339700830249807829
4590677716324007128
17664472431732378410
837151942507912769
14615051737152044007
9907976027703054450
14635412733892197516
5375083458676346486
12576195715584280847
14200791262826930577
2870977255694215293
16793208471841297225
4166651283037258812
4803977835153906562
15696573604285938002
304432946882840434
15745945105159100218
441721967624908565
10031699861094487047
11918507183762020902
6017185553289418318
229990175328826518
15581073547325244140
17775254083142670314
4953133591463231301
6957959027479632257
8599293024642135648
13324605000880756614
16508675705456216966
9009653957816287551
14679514138674858401
9532607360756960811
11461200959129755650
12317826894268309223
4774957758255255870
13452786362579856195
12047520563500716964
12078536036871178881
1510456849528352095
6502423745818490541
17655776454701345671
735493075009687190
767438535252666248
2190484653169868328
13455137639824519507
10199603313547629804
17505600542157449785
1282103791399865942
9139111938824962694
1419134307246323399
15306684199269570722
1421102377954264063
47442294740508421
11572248086742295235
3392786954077913557
347848746031919080
2464610399247155293
96340020908907634
8778503694347976613
2179440827259944366
7242945893413209902
5405658603718745703
16749178178315233138
3765121528049373354
5126875146143469188
11138729185454780665
2619401014892593775
3052869076162506030
8404088522564025291
11837406928306797796
7210765196539351184
17826345411171765877
2109147529581817641
3766793866440441596
4642464037250654659
14635467787227913506
8839387287997376303
17185769152949917726
14729508118537037451
4801919379669564887
14839550041838050208
10585564483063835968
10379457120225815821
4236372149573664335
170174314279683664
5279016219035929949
13397802779298603815
13809714389918131800
14547620057471660725
10401360222945751524
11590534642828290169
5976740730754306093
1899741270771363653
1330043334145643894
13168194948578428740
7799033451449928195
4463900049079907473
16081003234935646469
6079888377681271626
6900901701642121166
7389673702549653978
12594584221718475615
6730901973783425602
1239638289635650577
15157875766829387000
12846265511463737778
4596701756399586662
17886662339396831153
8924830304497337868
8296011350451913737
2390868476867102283
5663284678208953977
16333832964813193053
1135243479495083024
12292597074588363880
3897092990680051870
16493986858525132162
3065601239164287187
14801303671976410403
16857198257174851022
8881083564128481867
8446389949929240680
9009861318806495744
14656053786698861963
13051403416798673010
18421341887727163237
13547196617499605726
15213081966048691577
15091436122369521846
16122637561321961300
12718355012779659770
11777014699672394245
16279933373353163909
279446046436786931
2225994724358187573
11366563057275605853
1821196295988317366
16091845151137164908
17101478497121594337
7139472073349297938
7081814755653329363
17379604735929183442
11452172116068817973
7188332403040618686
4229794195134748590
5867944180139214403
16809215505566742365
16532357117742751925
12892926359338493724
4729476301033805000
17830420711397847955
7845509380108317363
4359885986412247156
14675890731284834437
17992726638941157524
3537597256813714206
14490141187303630013
15406834290562003154
2231752734725916885
5896167874478768090
10444821406002206850
5170333089172895458
18046664197387783348
15800177582737361527
14352127187880215548
14879928653086504000
8669835834915613267
9823120035596868849
10220731848607771607
7541549752191167181
8474067491798081056
1515420223746680004
169068305786981431
4879815039014248353
2045431599842176610
542709623873539601
16624400192412230875
13790141204834537985
17840437010451235390
11620313520420015248
4493444366334853969
15076155815816103340
5264986934853826448
15043723696843805387
15101954711478492597
15533637554142497732
9547421042876698096
6876317283484756689
3387224719321527217
1722063742016787433
14912670613654934731
17526390612180014858
6547327242114485645
12317200430267420549
17722437330767018968
12724802550070342341
12159696555530399348
17479464922120700493
6060979189926555255
4289190527274372416
5457637764268863905
9509460277774438452
10961606419781550399
9171725436372150256
16033613211732561373
11406891813566579870
2770583454618431934
7367115843295152180
5377786755976906057
1919431210554182887
8280874029242464718
16443478596282779375
13621987134185405590
3846918595212342725
10640875659549839316
11427422461877421386
2942073423781296005
9132120569751957915
6952580300742172435
10554635255502251939
2477828825692943449
4678709244426722449
3145478279088733657
7649612351266368450
260140753614173026
3323819026522233932
4657967924488425811
10687009456531713518
11202861345686887291
15722943911068272591
10841805396571624875
3576924927352094797
13233340635174752546
4997848049023527757
12201968490439718413
13394856091759400064
14995305860879961684
16368701142634796198
4475859458123275066
16934512469369870085
7447615895929601366
17026843528412787984
16688816280665029130
2979066832927285793
7071548369134984064
13245864902200746740
10661185115511954690
7972975546843606373
6565865615855125911
17365638801096912253
11857554755930988944
1160388034058439076
2653722333158985180
6961588233505121543
16890664432815054862
8217079752836731545
594784400096272326
8718756986144794672
568648163202911343
13340015959180645928
12854694118517224351
1738914049884008175
10909814749554595608
143655285980657414
11742124183930395604
1442601262466228747
16076240597366320034
11028625443407414565
6561878959281340218
9580688550398995232
15102743258068282459
1674491320446350026
9464050296745117840
10640596431418916472
7857518225418313691
9111945659883161917
1516022367877319959
16482782954320996999
7792177764728182277
483941068357387986
12805330642540141859
16111799420885738648
6065653999302609786
11894925004947755154
6594672042345920111
7063554753492391591
5864524167507413570
11240296871962659977
7430772678543353444
12378295911304861047
6640380465620167811
17921829136193426928
1009207255158748267
12493572542690254340
3056986298285018434
18335543164498244274
6788482368896075130
13099948878856950953
16993888280238770893
14155004225226616096
5822454548354231228
17045497167239372194
14771170329338143060
12739543059047936486
26997222206722193
14715331165104481589
5023589979498578340
12751714781592229031
5091506507916741661
8648557560309570334
743514214575586081
13132068232387192287
12981795142060294013
15606154101941810315
7853548861133383693
4015556027275206965
2646746932279634356
13695629485213474709
15857523616730764140
18382417432143066700
14659181820680550953
15638462031765310229
15716346731271158827
1698193130513616998
7950843208178933093
18121545746824567476
14086210513457703923
9667536701666727005
6511547756318008022
4439322555611321282
10410567220707417909
14033126626371886552
13774598422662917065
5706759636102290657
12703890881705622746
16082154425946903335
5305297190369562327
4944926303812822034
734539144334739156
3092182376348085337
2745136925252977848
2036064396273437487
16922964915890010925
11094195077759151530
11387631804143714829
11467203960906214166
10401304053572357558
8819505147150745581
492367804318411757
9956355522890081943
9834984787616525105
7110728186635285934
5726389901938683634
17020901263880739476
16298967003476665387
9354773459424887232
4957218735785425970
17264342501834275100
17552227912912515162
17228989884033303273
9673578747626824598
243799785349612647
774514908288352759
7669686745903737753
7738953259812561354
2059431747770296958
13938718558195487397
12768831903065362140
1778488874405896087
8586792465073585581
7893477582667938
16202200278658220691
387105043513013170
12934222858679162148
12281999330890933446
9694868085818730744
4384160648608856253
2714254843209102905
14692288337186247666
11761197213732688011
16275667294177998435
335107133272109836
2063823035472161306
9475663465839252332
3960036249282031204
2677601934982316583
3160104966851475151
2214885695091066417
18438285790328100401
17978346378273076923
16430285556637489900
2690484673677105085
14920148429158424099
14777502922520300978
15860291731326954315
9183363353830941771
17114798003761150482
15558864544645709215
8201814109055423500
1699020828590946001
15283202694507857237
15158175467510427852
14267628779269703523
5205131976972890294
5916430278135351671
3610814171746205299
17423424159428449709
16227033436719991299
18041928238988039130
12856552905321334110
1594321890594341453
14669317021154344461
2966971233858216769
13420809033318580354
14752252441559540087
9766272239984035409
283939724543578445
5742688338243668674
10081318786615139680
2982987015972364625
633549220614368490
8940669670310754149
18211494664259948292
16754332010978897734
2833897608896845429
13583840056050637851
12657000081457003879
6101667735975903387
3036232339739853034
8363358655945144699
12391759981292393719
1758926047131462371
10136629784818948705
12340722703891368448
3007360117661155038
15564026910541463372
1344717351197179228
14927797055046697237
6684637579178485545
13878521244160819434
4204587127581452693
11096060689537290969
9463806926007325108
17892121423734690637
12503008315526562955
1532019294817925266
12829010725384205715
9130958727080584941
10860310161958217360
1795119561159612820
7109441194548873211
10279191188104279996
9628328015234894462
13946026142456665539
7313665145009691119
14861711413545241636
3597049321456098948
4219441376203769230
6070602719270816242
6704540995529653674
12243590325770744125
15433670241089150752
2694887175670427849
16019802947057424562
8741142282052921668
3365712624900670122
13357200411882843953
8302866842886840851
4331712126366154071
6031806053859542921
5167730092530115549
15951258530742728527
7913540424966839004
309050414872042941
852179470482086540
140152058073845410
110020904461138850
7580568119679949064
5694349534339852330
1272666819207816247
6937536816986307159
14924200182936527745
16729731568463680329
11839160056344300361
559671158147170707
15327956199310200846
9902483749539349891
2426962419932650348
5096101247821787944
9350495287198178769
8832117293100570814
5755855978748166200
12965594545757916173
11146997848844049271
10729974757779691499
79158064082861460
13067083750541142729
91114435712066035
14183822927048639988
5455769214953129071
9917938496666860117
8991012714485551646
3957246971951258517
8576948323811595078
2066879323590481255
15731812964143938545
1426644418384102961
10474144129271940595
11121732109923171801
4322377589645871272
5803324636172150320
11085817549399515104
15216778510798545162
6382290017964941300
14240135199262015075
6817848101610259266
3695139363734367110
15379694470985131827
15944456690679022785
9302286350476580473
1110373641444606752
5529898811311374784
1329166690493446284
131254503418459832
4862755841189053124
2902412361850356245
604491539011695034
7666828356228336978
18051400779174235041
10406209906382543574
7811410538954979903
7546419860373047937
8401435657095557764
7101827705963558844
3876775087531911873
15225718439865210578
8905876016489315606
2802083749574528848
1616931627670413792
10653063472558756691
4651142228337747898
10985487485148970802
7848741853066320561
16017939303454593128
2550245779842267630
4415118511336101730
14721575481329939105
13633191822681667566
101248528036237659
11447584049434977207
3536966656345488113
5654286614390648713
664671914157602752
17060274109300194685
17291735684544464654
18009452964296579513
5964661092486141472
14887869699499565147
12948769011999455922
17916371970040870087
16685806720121318207
10961584918535258687
7756966801595732406
11991881814615008835
15532063715335289021
12747904336571464957
18311207291245661903
17843174727666019200
9804162397716529011
9544063934671876483
8627179545602323047
2183255247512854746
16254155224467592888
18269104652089068193
17622965654168331198
14347763261603176396
3991194724298766996
4895365396772160888
5471712005873540294
2809826270009706843
15051385411413012562
17282229499337732401
6815460956576923233
10216918166727148728
4672506877730701606
7617006306773797088
10632853761779191527
5453770520615303692
7506964757032108303
7597502344319216952
2320951887605806793
3941157689600385533
4300237530129808509
12895568623251246945
7967286508709902453
8738551644445417323
2817302030859679442
14322968758523707726
3596846256769777128
14000908108590582427
5403438794753624670
11250335995374211356
7074499333986329544
8146696458992609900
11290289751878360718
17185793978809160980
7303164469329407690
560528133449145218
6576424654591651857
10464996927362993707
11350461308510807669
11890743017815879246
15053266340293905569
978748808521939488
10474008771287013098
11411522525686502883
7213766676964313867
17857639685325252633
8647166002548603495
6334564375120824208
14420516691603647574
14948931409601399286
10392671641711939259
10468515908210799219
15259455202682341652
2768520129242783730
16963319692504450992
1086602046142432451
12534781997042561632
4418034656866971883
15170564775727463163
3322955987289356852
4827823858703957308
13420479489692990047
7071182167303048887
14137062481853810504
3894386821069667765
16483534640795687994
5856144399126450854
13408657874299316856
15744961201198327962
3702873533444315790
12122320196969448533
8813245372200802858
13157364555813514537
2217690395623404498
5954250549012243358
15978058129496646323
8296271435540832576
7005392128683115889
17132841121174365163
7982563436806925892
10170264591565998497
17254316050031369458
18431516726311154134
9650246107512407864
16056337802450438569
10113174381548899862
4510754001287025660
3922646595597699794
4028276883778743543
5546331121991163813
1442859584036957502
11594679110381879070
4167129386737653226
15070994862947718559
15138759961926423750
15031029683915226132
1450153038053827459
13923645425708835358
14309132428489980802
2843816324595730642
4988059176524824072
14628784917321386258
7892652886481672886
1595974563601847738
2472114936054860103
5004531781243988875
14173422215506187392
14769992862673494878
8584791535105828243
16797841409218450111
8815819949354266051
11789208930820461897
1718805599257507275
3845036760683600692
14690326619764127510
14997487885389515188
4294541539249527901
13433981385084307377
14714696488735264867
15034671078615263757
15188722919690021756
11249666599341232252
3741263784449054639
14082637696007883176
656765821961824620
549796144959569033
11985888691477082963
13690242349187034828
10425034376487297481
4074697076562356509
7391331266586063395
6706883664477561350
16452057585360475042
464819078037774128
3778167353830864920
10292944074978738093
13976522024590961604
16408374412882697366
6540380942321647237
100206109133444797
13514311388053122399
2532919422994371822
16141225356053698831
4713981353065285305
1627909312443024635
6702506389256610821
9575860632027885675
5663219732617799063
6578591520095892486
9867016218585928348
16213362403167630753
18007646813355788054
16892787043297103860
2918432253812691729
17804382171469468806
11764477612380295938
9527633797143803748
1228516077054819325
3877939437401731915
5009496740946867940
2688882765717487388
523178010749360058
15034493174541980865
12904353034840002353
5076385236416334427
14415513640657292202
14465303457768234645
6382474430256506290
9095205704617151664
347279021581656371
9774176750288541301
4467807196785363686
17430050644463905913
13974522823398783639
15036710463233649080
12562852290200456032
12396355236465174008
2962977465879792541
4591593592623686910
12285819945956353171
17971566214619142319
4941732664364425869
4566458627959419976
13159936028800893400
13707140767640132025
1691063992119248744
18141602582657482480
11580909440966554058
10861543490125399793
1203057259515436883
5023954973874039145
16815393022273878140
13883539593219282484
13066271695750257690
14421520477941031669
11076879053553847279
6458759042405951114
13011168587250463565
9765572798727014427
11337287233496369638
2898369654743659701
14971392791535349772
3751531603001912952
7689848362779328838
7895565772386827369
4535093552543584390
8797287416969582900
8232910022516717453
17408265325522596343
8232592572378355255
6732997251470302696
16608148198552558320
2640767593958832215
10639019150528148246
17220789499123728899
135590616712372591
16432636643703209272
18080163491691473282
1630694835883578728
17661733535963156350
17444867586500877613
16958849016191467567
6032081170074594768
8584387832521555760
18293468602008594504
237662731591095347
13102868945087956600
10954146201956464869
4611550633336913149
9644106770291016937
3666191376385802743
3041398482425527048
13037383819653379104
1022350975638856030
12107349099969581700
17119930605385525288
4789742323073841306
12813126380094481689
9078483831261509356
218256135127565372
718204354659488290
8986957273667517307
17259301927308071134
16060529992771164544
3770555161530711634
6799726728032039313
13198122586329853972
6517377257401991114
9788142956162014851
7541771253407724811