16759425305170041276
1002099483425884022
1272535916913135171
13047172504180587611
3472560975849567174
12658246971706090956
7121833760615097865
8543980204906972652
11890675893159169044
12247149006665295231
12118318395613704226
16165551709386322672
1136349153024750464
4683393854440075230
13890540327381323386
15819538996562251348
12276980738932234710
6238837495296752289
12184450104667798697
8539803415352203951
12862310013948741396
9707350764640473891
866906353237275543
7077696548759952166
11205936026209159151
16549625212326013108
2801130168801181674
15640304452122334217
14126002019071789028
12451390237391555892
11478751308809089029
16727101318999435814
8512236360248741558
6336883093821855039
15804251839350872648
17108040900662768506
5413415020590020717
16383779063141315613
4916336145763675062
16331931202737429908
8166482370450693417
7773792866343049114
13047691675164564921
6402606006667809254
1331316087969054185
6151550648376379141
12145173854482302174
12561355964171945578
16973420460550880848
4698837432728289987
15844397459018050963
13626843164588549865
14783471032091857175
15404721672260114524
9732620629128072505
1930085653434164211
8553163361492761896
14486539530575260046
3068267630400043583
3659921246510097676
2285381348003412032
9085521010216401530
2014883095882718317
2660578882908505762
7291732150925475472
11880272708621068213
4427428548700402269
7918470833317368853
16671615941621390642
8418075657954431785
16756743059715468553
13918644668746299230
15262732111676493997
14306999253131101019
18262361589871559461
9269812028610861681
5166373216151322897
10793673297870680741
10562235005980462858
14203616546698539361
16687490746380903746
1714541889563175163
10397552589932736579
13974921449202862113
4771365470611323237
12636478133142726314
13600522602849015482
977740267815856529
1203630931339023416
3558693873656280704
10461243843778972419
16718370944817256247
765055660802580735
578060597408268590
1301757600625297832
17812599529344746927
12715867740673794735
18044458923575240771
7836058880571128616
6697245419599167296
13924444360890838288
15232602540248539083
9471257502769848113
3439962299764403908
13302443067854432023
13784468798587138785
13693387040554617624
12244201033998263842
10542810542620460493
17654986121057684368
470831024491571773
15911492043838288823
10275084877685839416
5496403847359187815
3320251715493134877
8681319376976059564
8268985584853847749
5043859879967143494
14133414135118175039
16199652645198672814
10023115407899434686
6598002553378368835
18355292116670787134
1782237410016641135
8823892285274342855
2129340665123171855
6633287138230313845
7636699092057367836
10838062872534873193
15118826176032306889
15218690686931262596
3555582863844238210
9743124962236028294
3998282443480272236
11129341544159946012
6235874029524563593
2529828587295318904
4516505644536461603
13951217219172634790
16746413902701516615
12510940422348415799
1937788192071796938
16739915465479290457
5042477798040855217
6758039892569172711
13820343605488442697
3814993747097820332
18038836234133572986
3915319248433686779
16562629211013202861
9285641388748786295
776439653892943518
3553601327892616641
11562034556092367967
4025819687411756759
3950477443148925564
6082805375381834654
9197647959591875512
1801051755529918619
8695132426121348782
13745014505168118511
1084346322389876308
15007057557580452087
15123757601781579048
4859674079140897343
837296370137073874
837175260974129724
9186393194929549210
16165063731808553325
1556901610222029178
11221938089157269212
14835572782399745652
10416876297621209513
6126827744802880595
14757489600172090886
86135495549421079
16238303569454888478
7160409820213686486
16403062936727408187
9662636901495193942
11047546703099772624
9051222124069701825
1165295116350266923
12800135930194419639
13645323509830950927
2405281071082429141
10762815410108813901
2907526959200930415
896863661481932037
3213544986351201199
13122645382295527259
6718739161941125567
661948541557191653
3516675668842123630
8558760133019538455
3306938018551989042
2626382823594391219
9049996965452001668
12146119813002518774
8638046647175452074
8409534575966452129
12500136382509707199
3684359554138068895
10004696355795703641
4045675527884368462
3537733467934603865
1726569930188776007
7167949005972750518
9500515167132786884
11666245279707627086
7645910819963636217
2812490936886538824
1774650585477117826
16818907372631604984
17617251041777023011
2789714650220952035
5686257631899627348
15145357080027287315
13691053093393098337
13587626492172920775
13771251712771700762
15904628564639233979
7841571997616459091
10371295820356830340
13515412158442732175
12072480924392566711
10943970722149342130
4399937604332335344
17387662740611310588
3146884317066547801
11963360886650612202
6935939790774240108
3333241034710675856
8809879125972085060
12460637307759782288
1759658188018874515
2209463718262123019
10983504567973418671
1347163227250170038
9978539968958401353
6820156613602476819
11577622174679220991
8807533706679292600
8915751367928278832
17516826486816326558
7919322994027528971
10063922916020489289
10527820541535169951
14740622988335179215
7976964542817426725
16015670791231637972
9449640861634742709
4311073981730487342
10933078767943918948
1640877923075230811
17530714535584008810
18269924511033636171
5243620308477695470
7801929126463154268
11381385161200512489
8404157879662011317
6410217844318987911
5909056959903077226
12848812698897181302
7309498356238609561
10151294857220860356
6871300904571617444
14996117532386899421
1614360063482464633
2907970342089898668
15417799129738390738
5311744678735730928
14734324449762272685
17412854583085786199
2967673922593131690
2320380000882969809
14164399649724502230
1001925031530149964
17741609702376346318
6834789509400014309
11403993334844636207
8915045266346378382
11435637590503610068
3079221355908289088
3825225687541416927
2642564967059943166
11327314993193588855
6127631636573442781
6884931404376133725
15772877807612825085
11215832079374161950
8854447025536711788
13213904708697746115
3756055325415657776
1946442749926370225
5462678401284241111
6864162078653856895
4757999997606776492
11748701747765439810
5044113044330717566
17332042528639929829
10671997211701413267
15546365688877238039
4116800166926476023
15633444221357697236
15299021356500046998
2319790287763263812
13827587356699419836
9518649793690403485
15883400344286159877
16172528565511690139
7446052841837334429
13601855632004399239
5393608941309905061
12904134465184436208
8384771071961371296
18051717607921795054
11197716925164239464
13422919950725014531
4136921764344244805
1780081738328778999
11608576312641884252
14951000884655114326
7030276742102969828
135226112730706855
1460857091535694562
12665568687150011262
12703979616604425463
17899201657630892502
9581933558309698077
14138898901242218468
5292490403363253509
12319836655015594611
8374483420836180362
16802349299525055471
7930931089004088439
7831485887275182807
10096664530745599731
8804660788785748157
4526464745548059596
2124127346417422994
8841626037961494333
7469020381875396597
12376383663386156041
3303733563428359739
10421269799614969926
2373166144885271757
16391433938326140611
4605975533115675147
10124475699969880047
1771738530217902046
3642526584062412258
5382581100589765660
13056200057610387555
14616980880321504002
6179960882730321438
6954735971777494114
5478109559717923316
5444070301935847428
18376061964720857822
5017061538237967902
13294036107961995602
4005829989818344080
16964083942533811506
4372416550794608413
11407617135423908838
7219344081071737324
14568650714921827253
10535022103267733183
7552981055619492723
13197073332848826096
10324091223761687705
13403974807493328775
17856119908243212367
3857962381277278017
5691559785879816860
18340761274228608401
7560132294646427551
17378978770796605363
17244320933012236008
8827522423979383499
17761267231122556839
14473183490323426726
15332965249021876217
3560300500619056345
6031712883581586490
173591234353565252
17231956462249328489
10967288219034269817
14841291931035060825
281898301845982731
7105357164407557632
6224826429917555939
12174288536157881990
4669625454659396202
3611984048840783108
8937446102392012594
2510370006960942851
289822005169704262
15034600521991653133
5896063555895778685
15962066169822211159
1138669537103888452
13207209682544677639
9508557529450930370
6406809461502832000
945654855834533596
3154721354699024511
10198910621411347769
556188507966105878
13062438351320920968
8027833058738617361
1569683433059890649
2324496422304494399
14956977723916877504
8657729528092865606
17300960960866632029
1772679445396392126
1154413396920559688
9306939838186231061
11320181434654324250
15463555461904428261
7025375140871855497
900082264749872372
13611138411190521651
4727933452956605315
4313278719602098804
2625238320179101997
7245317239296234138
6992392301969561662
9450721163538954246
12799660685019397030
6205489493060568013
8468138342829425545
5191997872369284476
291998171665221323
15606862106519232166
9083668767560193081
3335915326367569199
16866145622956085541
15950634417267805213
368096489194121875
12262788439567597958
3634635923932371402
4262683279158466271
9644582138403632041
2912566721611061231
17326384780129397270
13706242920383713561
10548051827583189772
1235874441638732159
17155546867316232645
7924861656945465833
3912299203683540052
1919096287714500611
13310941583485719865
8272565412063996572
10178380700851321443
17690176943440593363
1323017460122402367
2942854397651945809
9442609947810385155
13736104640981724590
16926289027824200681
2187283727709604392
14380596893766219711
18154482835933736819
1608814088078569917
15034382615878303109
17499252600168534545
13512961965878155947
17196199060667477628
4583463220015255982
7545138090409547772
8816004303603060813
6752672639811764450
7051157143513089401
16014950264163844001
6851635130940134944
12929403574857523096
5949502203517347208
13528249934354678438
15746605355392645621
449090017278467554
11288474939081332065
13300568241521548883
9083257838060684071
11671539116946396675
10214189547279008785
16881098886809189518
4572762041705545320
14415334506742885439
2845733381916621261
912366765966071332
2214852577155172450
6059024866596290847
3262396714407853011
12300818631436117567
7395955351425247175
5879998176120597493
1921647298149645098
4683137703970965160
2179167769553643192
6165826419122119370
13037564938817908529
3636362365110777048
15362843617064304239
11078216983134770833
17519944227503691561
8361258882953961573
11874125527312358509
7491481316863088313
8805361757391884968
9845668793229477432
14523330020036546209
10238203889311108531
14564176107945384691
13685548886623218559
16101561866928774975
4758837327903617077
14131344412538865879
3764805642575654896
132086273111649027
2837449033783681963
10360728182988426260
3631257984036392180
14156478388393324118
16773672294036504247
1760771220161537543
13568826500449787784
11433733901580934185
10874824090260750679
3447977267973693617
5912702531156588780
175181502898301070
8248087680900081535
16437234748498535311
10636544222190477755
15512289873635876891
17426918086696816245
5013354832380877915
4494636105114262174
3688109861204119073
737436442357280562
9507436579314693285
7332194787118914981
13473111159926284292
940619785101860481
13267913148576884690
6185246674619004741
15656823055307942536
14614692620112786257
5331367789793213309
8209751495943367399
7342278132170731221
2478624388217339692
15767847734718179191
1062995576009669356
2077125636239710889
12684317006331670138
15088415164396823789
15450882136701691318
12299295939358263961
2651846185432943193
983254256409217820
15908143269102344247
17116685849650694401
15047005577631065858
14731139974565418012
954671929425114480
841806542715702569
12462671220472582026
4336367722549902518
18035376200887915347
3348079846780376989
163358735247064989
6455694649166408926
41879065902872409
14048653638529031017
287240457102216338
16450171577399746324
10945190905365231530
7790425393592496332
6890655932160119050
1151977052429110584
4156682735826071987
13361297647267443153
10610253610074556458
15177897812671683733
15449080206524247959
2490622339205523231
15627819843544931018
13998005784294776602
12197289050355372174
10629813991440648254
17362505813911909765
12607547081280312995
5037120379850683353
697408187414579927
8670673126228648135
7694093863433230836
15950288660851669962
4961869413090513293
13974849961764227852
8407310293199563133
7355013555863150507
17871008409680960423
17031657600306251070
17497582207293670804
14273045874653087896
8995088064804302415
6367282406962832958
6154479303074758871
12499439666735796168
12862416853652063643
6688892971008382263
7829276011060736273
17491701631107340763
17226196080732822655
341890311066510330
11122102642741554443
1857123469881158645
664077454362723366
620130508772073906
13445746787306465160
1555619124215898399
2123476991805821999
6148445507561529782
7417890423242256852
8963910786505760847
18235290329144033912
2343152755391093505
7850135549659183378
2943595972249484958
6030815769160376121
4142280713222706020
18182905104997115002
13194258855556248309
15961365886413201087
8180033325693189063
4120328671732128555
1374735417079046824
2526746752492708821
5043203059654440474
16265409200699650185
7707486979978151594
7428134566703550663
4309676108347989088
3651119462916311501
12703224369868664158
12432945443893566185
16839981408426579111
1427423529550272299
17005327310329100455
15461243838901016469
11020921726474713494
1190765772695503549
11947031913761184809
3430499300779553390
4817386678788665425
12617922891052874419
15872397288396483673
13578800062174459785
1492663824697246574
16400667649860231600
5626525813401056207
4811900438392049185
9773895656385862516
11272045848740039550
4891955444706060302
4803402206677930818
2089090279190118644
11511711627651856916
1475820393754602377
4129094280796821279
14535910724774708379
2308256501650497107
4240974459401823281
17957161576383519088
11902645837871987389
11284471678544250644
12689218422424966349
8065862123776018943
14770516379168269513
609796673584844784
8031573692881581747
12892967145329840735
13198673661267838893
9631644281793664708
12911545917037679908
16994424140755529095
8082955650334179936
7126775979871995677
5748534680176101823
5379811925768213929
13442823850321397125
11528987642164226484
7862988836631135668
1094449971056576508
12328003748385052946
6020804202892677614
15107961035229856534
5406265143133327665
15629861996682327481
2603998854174437392
8660072880550595332
15747760282452641609
3363115594529645679
3064672734230177931
7932651371107633385
1080271305741509545
4936642885074258261
13678577465262552653
12102150653578923781
8152372864232861996
2352000118243375682
18324763305897554000
17594257071746152619
14735981713010714110
14010565568605770056
1556176340005904767
13668089391981532208
17778150655412255390
8416197475190811989
10147487204713381376
15997503114536743009
18255424417512970268
1473280421863559306
12556398554170691305
7817231538622348337
3084682927045803948
2878051066381570046
10323788792322036132
16793416439057906160
1636376192672768996
16385526621656690967
16392628565307944245
16954586133977755519
503458753768983822
16825993973074092074
7377378413852721405
12258521791399970131
3037110383652319203
138849605934833478
8277872667957834
14971296463707479766
2256405165543864963
245405671814988928
10351890183250253426
10468653713059067135
16954510610414996196
11001567314075742217
5652004602552596864
5267657242768401678
15630206690156416293
5646012040682366061
16870965008109718730
4623037291907278995
16235375399582832257
80749553340262265
12663940161275259658
7879982107520561058
11579243225328858146
15421714617913639968
18201413739294366496
5955591572762125341
6926789166179016854
10890654814870616589
6384488511327208534
9310712024440883376
7465339549161800108
16168038128649331087
7940030949363972845
8455600951067260259
16001352562782699277
7399124950919822915
11449158156843999007
10916802490874570583
831795082098603451
13629274471298544226
6938996632726265379
8015470336029083374
16023946363171856307
8573163407083282609
5168162444127400335
6865010703875837974
770056390531374118
15522012482194958404
2837144724186087085
15814923603386546356
10611240160219802455
2318539484367663667
8446522290744194121
1709204163469514485
9095988357453621241
8788439449672440636
11827205845724276185
2866556900878716126
13132097663112754035
14135896141015320387
9367037543873945009
17811455779743838608
408441452026431358
145272720584184105
7431595650996420350
11018368328483049669
6292002163396526029
17196974119848790840
7206417186191767827
15460828798460784033
10215602023378359465
15328240390386204242
3265155317741663396
16644481899511580196
17280442097704396753
13948181267953530975
13450905935277772739
4342859432458638481
5807265406783402221
13677359498205961402
3108342349277586177
4649197570303391336
11240261911885925795
817854310700232221
1240866256770908605
1141402769704211485
2537546864301985863
11629377407706803502
10723678490247905668
15067517033806102605
440207794055184035
17418257637057543568
5367476716372721855
14203641212916185071
14562958977356624451
11807571968261449160
2644869429339338001
17871695421780149171
6868440084135185332
2323469659671681442
7593693780502390099
1670565988133682711
16115949170458812647
4341235579471529975
13604276397688205412
1985036230867484863
17511697447663222062
559988614953323748
5938949539716897247
13616384053405851239
8170858103609666740
7245192219736801997
16610969490499487061
13579854555545670997
12032961513018745127
11056138403176284215
2226132251315723154
14169053412940924695
17445250798273143106
4218481594557045707
7692212140771169099
11062310759895143509
6414693320228236542
11832911329982792968
10868954860300551033
8308060491588100910
17291196834112197705
1370270973380277049
13905170760075861904
5576421445518658962
2959199886072247123
11350259381632866831
15275802195871389547
10051887673299296929
13055127832372522612
761555135475660952
18398831468376263275
9621955172196840821
5345784680154689330
1663745314912816634
11933816999540379515
198244567924007527
2876926234002111246
8940242454291696349
4853068741952973954
15907318819768563369
874658512564633756
15319161339094139524
7960723212712788570
15489442214375678126
5300378954500498326
3507838418943540784
14087085372975922118
10165202865157982089
2369754516156074951
3028079892219961418
5846964361615959104
3496479935968034690
5179296772629117105
16633028450408869159
8579005675499506501
17720697998756704407
7903324658184395628
1279083679558124686
8187128909770098356
2506938208088825334
9078388398227213721
5452400218268424223
17436076288733147436
17691575294541763692
3542270955479711569
9188751201593098587
3121488346174238818
2541764393233269038
3524248443998703948
8982947140693814524
13315864020483217540
990635683375435393
3534235544921142354
2597025280788194507
15028358599470590200
17232336732912617516
11311417918393813719
9429697325298182863
15291734539861707817
12870125146857210659
17497395262792994822
5492738460215319624
13747265007572995697
6632589491388095138
18364676236749073842
9721774230901442585
13793006418893776815
18007482790467116154
3169518591676462065
8804816668144135279
12509873870245552827
10767398447470986578
10717370109109224528
15263173056027248491
3490322610733881142
16067533061918762456
3567320326426018818
10388599943113399594
5631469242584978628
5947087482818062699
9979703504486691003
1035875671684141632
7740667474272769713
6322839889956358101
2753052686282512564
7430598388025314631
10771689805884450613
7812810805515052902
7890868303863951377
3827460788032320950
14254113649678446641
2705162708880360596
9197357555322173095
11321018998491431245
15231998814651041214
7019122533484042451
8189043029222481930
13651263487407117009
11582910891604147532
12995389900793612314
15766601840184923834
11872685487416780963
12072721249030731229
815115466346729162
10395852642653376841
12529544260936763785
716407695207890064
11010231581409537737
14895799178435724600
17301099895822409349
2140206162869754229
16744881676526616945
10734816856903052597
1239679999617278722
5612765970676598998
16942080650629122916
9962600032373860987
11501091896966906435
5815958511831643056
17091392606759082270
17398593148964510213
10082533179354295473
15852563130348000426
14704766019474924642
9517267982941653082
7255768301191879518
4690243824834518920
6835318040949569546
2460952261089863772
5165304551739156356
4227878766800787740
7818750254630402904
18220862258093978948
17719054140155950436