13886605125883313928
10701776788248232150
11443273359355062855
5886927482455792228
12295731586418667340
12658173417579744244
6722001393721273128
7636221861563798856
3356674418745534638
8291200111491211982
11309004857617443850
5319800865644609143
1470149770265671445
7648593496977290216
3980488169330921575
14888216722728844452
15398372215762648744
7534174131638534624
5656634408965450483
4553192775907170333
3714702888139429285
1253004483662810163
15368117985445650219
1537054823122644109
17865640610112177763
17386267377257226756
18357910959763217536
3856707827309140063
3855995117460199058
4772309090861466267
277573590637502053
14466092581968544383
12629145556358392314
8500927530981560239
9089729901021868446
5042855745620089058
3286654923757394987
15219021262474286120
10521954180813752846
4650052753295194272
259423063288739566
9776913868584038211
10150808908502617936
9215963584790300633
6607527809311056138
17086568026146401700
16126978751531359235
13829756873680053520
15163887616217508342
5757402142604298639
14994601932047495870
18194473625276210382
6932515669633636129
5009780683585264446
11131269755917102733
1588287324123141237
9324427663061533315
16419159607943696872
8974105336372988226
13508955864968503975
10821231649751221309
9358792075949585987
16880700070526262088
10478380593631698754
16012949777905317931
15247041976571025397
16434292168629056645
15699370157673217131
594036076119644447
4425303978205733518
9951327443304350015
3893290096345112836
12966178725449221513
13049987388142594180
6969662217438725073
9416691320538853720
2964506587753396788
4921050259784963234
4656393016694763031
4705559073175572674
567706570472957705
6321657654047535189
14712185562659977293
10797810620940931709
6287427986321408782
662847189759538430
715509635101966615
16358763052084473343
7616134173101456700
423509959060671708
13168380722835983966
4652897813957509161
2480560163915682976
17210536947792519947
10609778607168205008
1304189795220367898
1111267638170845827
6665819086373573853
11126001980663652346
12182390766463730884
8421410983317856054
5132066532469634660
9463986728952373660
14385150727393128467
17074411415678996557
5368894454757562651
14851734671393117565
16708559784081908110
14684192459507893974
8939294034781003486
40236523884386832
13775174666309079315
366766697142870527
17779185213887543784
4232553241401030938
17072589170316363506
11175594377542044538
6088936134881983677
7291503837361455405
11920993327457505467
13685136184719003115
8986575361134814417
15359965593948405745
854103441741544031
7560415317949875783
9486485104998555365
11799354954409199005
1726900116580137514
14695890083834445188
6838909765815872489
10595206508940036649
1271464946309536390
3598156873430312600
4121240530839786198
2584871087838892091
11572141793316105611
5860526552328121357
10946374382960650169
13695200892384856617
6051787705323451594
2067669471858186833
16675457623425066359
8454949747849682227
10533786205260916589
10401063139229325016
12167070290601187542
848473291411017973
12593091827248597082
10569933244572166739
10939190386123387449
9095118737659432932
8431033028172427817
14069925536002138416
10021667246584092523
4048405851838153405
17511138075810892996
13221617753665829659
1669066949251818417
16225175449637550346
4606082346969301064
4767912645071738540
5908752589847068803
7088568095357521144
18302799830657160227
3227439720714313379
13650610203478228652
2009211218287513771
3001672359489326977
5708730357421696130
16664219698491424446
12072545437594019872
1483028641126567295
12806082551477566436
4005606699888492432
16118595027562653474
7508172618150556311
15723703364185825710
3197234677766245397
10625207757713823988
6914253102375429726
16052858786243635242
10114603430509028733
696971365075862713
3465150370864225558
4132904799266972004
2956730745444777908
18132982833603916593
8953063628604351112
322626468476421939
12188473447086822703
6420777075814737641
16746802552573932611
16162239026327914298
18043859493405170678
9934110569349709722
12309842694174037763
10896991118562508240
3802112118026750472
9753413112197619259
14695063247153851800
4773671136315902171
5167271745565753901
17996071456314714973
5811829197437607170
15147880390495818548
1203160775486423267
531764968455866214
16462805874784448419
7664194935307500428
13018453709369483371
6189160741991993822
17302590874237961969
14208617979657485986
13801292048831788367
6956738854633159802
7947369450054493036
3647058185243512395
17202283765401125672
14084146090554936572
14285883850514278898
8509106710395978915
10961727476850156815
16104581921701243131
7839711422726397271
10911848354305901109
8898115560840306569
17988835951242463881
17174727420104598502
7781325699094425262
5565554304655280129
8978465388583327170
1202169815986055703
7722045664515143636
956825209988433347
1150620160329938678
2667597470574076996
13794193856121769087
4894241980061703623
2559978261699026091
16987986203742674102
6035116276246924802
1537184005450124991
399012461550511308
643461023081199114
9005296292846950428
4560423180395844375
11978601165979789801
8292534530103400282
16906631855909178213
3881641195472358674
9941234638755241946
18092517937535332372
18304452057138932569
13647280031018317236
1988536704244797033
3430394554887405689
13548525638813935270
14730871285740997294
9328775983314329175
5633012462912080771
16864192319115493169
13333139470060033315
9622650682564187754
11915083396721595906
12348800557397263450
14218899737766250636
13120630082411162062
4847553051784169786
4099281671828720183
8543500480989878351
18097541374813684054
12623554538806331302
16433186103538252393
11493405415691535742
1524826303577660521
9453272924023469518
18416906623373070706
4480265693717760362
6511516968819994017
14879339951640611329
5090375905536561366
6140643360137380605
2042185201020968096
15826778314790347934
17925247530112473663
5781915062199863089
15383325298175939393
17548389904568925191
16243025616856982769
1149247570966962173
827700920714104766
3251302622368019642
2567569778377331712
7889877964113029279
1002846848478045014
11106965165001404750
11064991337322041906
14433952688918171022
10500022118829922376
2860440814411133638
14148947471069894774
18260713499267620567
13136136225935711852
11474135492662830577
17378770450819089661
12287735331151715694
5865698304983728435
2795308987925318801
12805078577347726883
1812148840349052647
14660053457735387644
15718015907091007920
8147299356162883441
10425580158749216549
2036339373108957504
11983956542232706000
18350408780150664851
5121118793959834378
9407326494637225970
5118247348739930784
3631697451953892880
2034410994403680668
1121370292345232814
17695214126926548971
11955792941842478700
14903218166106724271
2062130790909295559
8713515478729009445
15887466395172475638
13631615553828146063
670394473451974137
1109064399634566440
9370592512858502596
4033900780292574796
4052436976158626265
3718525188966952941
7799848609379541406
6396771221306431426
5535940452753475811
12938356343550290711
3417938463144979053
13322961474835871349
16853720021328009566
10087728769159607023
4045822201263432145
5018900711578127078
18137101048278821631
14196829535528700916
8160732151611259587
2340356040532877893
15847310520961065765
11546784036776589413
3511673552172712217
4563271457950394179
1803695039581379573
15206837659214012899
6206977450738086273
1109242855841064221
8144319643694556697
2726842232432258330
12673707606334961494
10471832770664402083
14278353859576351390
6860366687651261849
8018372672580587193
17213947540453999317
2482361010565820190
1762751220444182780
3199144225488105459
7997330538841832933
17869463358698970978
4586022642111590186
11913751216818316382
1393323171796441803
8747494604479781486
645274265732736810
1089449638591755537
10278766120343556791
3035336162816997936
282916794539895621
6725768252494975650
6132856855343160065
12861123490012659797
15654885645823909761
8002365982868656735
14039743700249154387
5932581604750741204
83940597966608597
782759856371568157
4075445951919857509
966294439640959440
8782303521320247032
8066383999250503269
1273740912174239707
3827400089281720552
9255703586137165342
6798195841140012653
4700631590523240477
1787333430825075073
12514557787572643217
10072099895622451371
14061021221314870368
14566730907162315705
12809878262946164143
5213911959273175441
16399014221876432608
4402297637614799610
5369596144809957100
3232088853416914767
3076021620931039671
15919870407750956004
7416352082444586755
3533012007388760969
9777135803890015342
6276537910188420251
6619200377532174000
9571028447105877726
12877210894609850294
862269714156150180
15249313472782283356
8050764776524906297
3616709032629978526
7446801714921375134
3418786502810806548
11647541571840315517
15485814926135256778
1539610641796683785
5055060744297643663
14132434825656830748
16104634419122561199
9781048851986605361
18019883472855201910
4702784296468766947
13337806007219261335
11425900509960057756
15134813899686507273
5784871883005389999
12719131803749875299
12211671300123698748
7665522229631209122
12598572067358844282
3068840678785328659
12931188016668294368
8260655380747505373
3623392012172319729
1777164305592678125
8125657003223052164
16469339499172773189
5948944576524845601
3759700147807688427
8911210805106612871
1695431184694863490
8514486722299737146
10757241795384370196
18074563174472820187
2332129875647233566
17113396441075405840
5314278959058873356
2573670509153035545
2478686543954516606
18184489958413791361
11400569518746965605
4508776777646111765
17721962880907908805
9273047684563243651
3848989099342855138
8236796462948223706
6953634389193841648
14005112124691335315
7848957737208379605
2077219962700148357
15790408084329652008
283645649916562708
3437611455960193889
2495243030057366088
11015240412738351875
5964787866188350003
16650298387167521874
16436013976232750535
9118585097059320840
361325001499419592
15423548393040397525
17099866366669227522
4842299152421226170
15137939626166764812
2493686409745228830
12441657770714367869
18122469459240597494
10821063892791188983
5575423445065858321
12580635619294498296
11092524264197299472
6307145255332163946
15004224140642009332
16265984369992147963
12954517495942742917
496760049628363244
14273886320464939291
2557057618212484619
2602789479625798885
11352061336829128549
998025122414829901
3650618618919932984
16292847070025717215
3106486590969891408
2899914444920530558
12704062381143139349
15719962785609178109
2580497497683759292
14926757537973154088
15421823500048703721
7710716796873438693
1351789279100165468
11322603533910909662
8134524724387191482
13213380973484823113
7153769983824786049
16025516403436767668
16948856003108500590
1115451487251336372
15010806226690543507
12707332432346643293
1877863105738121972
12298067496763382472
1712887245902219327
6841894416402871986
15555227695305486406
1264316164077722441
83023874919570460
5442613808747758518
14855585397237576844
17771416811326904594
5577504730604287561
2312931196792762712
11943636186790611967
2479595492454218369
7695075125415171530
17999552608825878762
15685294149423881326
4842706380520445405
13019544402415106415
8299367988390887385
5711687739695785766
8147632884172252723
9505820859147741227
338186982949357246
6620096034772965696
7293211510168513552
17723606154116391831
10822088948219413116
1206931533011655174
14996163309893532921
10156250360858042605
10351720914509696480
18374388064541072624
8282959313471391152
11342399391105189507
17099896292206160359
5672414000622237367
7680812978301684223
10484636438717765063
12822545063463154651
17839371617623570748
3464675835417773935
12349044672060337693
17889197513461351300
5959821317016292736
3662238144037030338
10673012076885029530
12543749537870319349
15322674860852256981
10399079260897624146
14912683343721707272
17361787153004459751
5263393448408372628
14894707279111707949
14341885427291698847
18039361092505825603
1668331233227792245
3419047727807945019
13823437457210943553
15136352887547446111
8304494239126470118
11372449647338922018
13967683541588739182
3502625810999035005
365176334074736139
14828823546215393591
12689806046293791829
17414181074399452305
3677515907814446263
6233948983549479551
10582442662040325557
3059650717726924393
11055431201156849667
16314385277659399473
12466093734963579870
3672547127230918489
1776777336421453205
6136945486260791620
11991901611646063910
5582741089206706824
12866074413034661562
16356977785818738639
3719941303726090276
6815336788379281366
14712395791502067191
18313598477583019429
310437031848802055
14414300228065527194
10354065837533083973
4673240835471891698
16339106185847473549
5011502581866257165
17741041807594186646
7888740430641168132
1393683171435106639
6901303335678843076
1319612178286902433
15618688034636166719
18327667250176079233
8750523806099551496
1219300815418586259
3857697476552697881
13333540051937380909
10672822824193954170
9757248416679096690
3272303116394313049
10132084420418463634
2003605523985367199
3422359858193990664
3845280114336773233
10379875486975346776
14011642755274146755
12227549100650803613
1431157455124678415
12401439086460608879
6254630388146578531
14324908066438583436
1496686976320443178
4298487597279629045
17837255471137899638
3459578744512194709
13096694076632464599
12580957843202435625
14537511948022200237
10843159842940750252
16478361412303301052
15791358757223153705
717927001796583867
386951012423181819
13334892863194302843
4149732542406911634
17207842832539959282
17203474113150448162
1489670533144105085
1438571117114144600
12199441649317330865
1895955130853785840
2502731830988706688
12739573070367515727
3938821354422287953
7925833568748092519
9340638542732883730
5018149139518158615
1981601048002701401
12812498013543120396
17921045333789248033
6505196975639196275
2734062087014101388
17074073534977758187
10431006125158357122
926868353523762883
144865174292277562
6588618947243273878
4184109906639364286
3543066879582978940
13757483617140642447
5565476394861516993
15454218116910612128
10602510393294524343
2503743923873014890
6206144839912585363
16369620434449090789
3587105429358429543
13277944099061526541
1021106274233330149
12746709131545387658
12106685214651528436
7430293052110340799
9523605001148829731
14700433976009235776
5718940178153354198
2511503997487980932
11183335266303015501
7587943713605393599
4981487425978517175
665167280314180277
6328498588995867391
13860966946535559263
17084138489746105159
11769293959857144393
14456387488855051082
14678903537887789152
11765834758172666855
17572384740569253939
3924588556105535253
14857310328871657966
14488432212730417325
12376195007527958350
8067534565183373218
15684564398960055116
13526313979451304688
6203344097490988004
2216260383269707406
4824057619101224240
6286804985474177963
13228416863291043455
2279433269564229029
17970502532111185319
11695769416113704640
937593436894808474
5764858262100395522
9830736546305989270
10022596423187598981
5266826381166965501
11635948629983034112
12837555710827372862
10363327211575345424
17998755239787863309
710934428377465163
12189986621843838880
446107472987845054
10019186655065906199
10085971407465716237
15328086751044114101
3743258151543133516
437798908398100739
14805255934656898899
1344535038605729292
1186131992480268939
12724965270959513904
5439847817107880804
13876945588893083256
8011098154231571516
1137968044986872462
212499974823049330
8448890828830233213
3354507560957384738
14226943153464288590
5407390747971727384
6475859604941670207
2785070851422539008
6854299064099907488
2143920920785251333
5230086862493300301
15465815262209743812
4020555178899475078
18053354879873902448
13853773359776314833
10251190559928056759
15917467327096084063
9927745905956317721
2355243603201984897
15994565671085162413
17369374676733746164
10254231372829345873
18432459940315380034
14204873788533951926
4199614733040955193
18409712607484070797
17371231904998127155
383990156440634665
16386512058856924315
1375377029136316025
6448711646553248259
10975131511908955825
17001201411750912967
1182364043184377833
18252870722804166213
6305637526314406427
16345742758363129030
16589303130766375758
3549892546338388614
14674360051831262908
8622515459782837429
9299130694327827875
12455016013268007347
5423028315354164208
14786906257550320031
12807495791021136814
8022038415129734131
6131739779684825342
12454716109391468589
7046399815762916731
3445693354303578613
2880124469010867553
16434824712157497152
6362869950079998323
14310181292323954853
12940338374627282057
5185639542943637046
10111793216180140190
16161586973607498906
7459348322792682694
2580553005101591180
13110481204506171323
13690079839300135738
9508708466024328045
6398581878254975584
17117935849350003838
14675988360286764928
8997710114433658392
9574089879662224748
12309227091021088679
392617110679443921
6990215005430449442
2328281100094778891
710260764759218883
5354908736027777567
3423345586484328110
12181747814885940708
11154408705775220132
4478031541548447931
4900910965694479918
16840818229291774582
9462476565416692659
15212964671007996251
6557456068971297602
13226794674005371516
18388087876570847986
8787844470945359530
2434529191434155583
588079709757457373
18387559757097374776
7087545261729206191
15691756151410726581
14980839964921872957
5096718857654271678
11553218934675875091
7281661595990150767
10737767602190313590
5200200463444859974
9416181380960891586
8561057617693301579
3292699308237436037
12287960305012290624
5799860375059376838
18290743071188664289
11261871795223969211
15621429659349250096
3174665793193941003
8076303032157579955
13974180160049509109
3035503279784375217
2323980584689805946
2543969407887659669
12590873084226274312
16989605948348540084
16366147009670366902
10093190244753678934
4404871412343965202
18078525752487903625
15725728630243922136
15105046772637728052
16247263646281368405
9645456656029129663
12360860491677859893
12455234416644863072
6438979790927900354
4193745048706035380
8542935676848942660
12134088185144413464
13104071175688030307
7090125973987336313
7002890217258701610
11022816791920951576
5641115806805875139
14190459866576694902
1981410647466887148
15894171773913916752
435200255503643236
299199125587144508
12710501266617950983
992732347374488042
7700676172322900145
5228026142707798078
976962340659934832
922682874276629275
5940804674402058325
1486482299248948097
14142710108629246054
11236221963469844103
8676282570665356790
3385158814242454630
8357883008506230261
15889888078604746571
1941311060592149659
1136921170514343228
12371297270834846268
7381029061317336959
11283857470305567813
14346381300634849500
9860475028253531128
4046419403032083189
8790671001082523837
17875875265110039688
374886801494368056
4232715561340762075
8436327820460686382
9657503213003765318
5151716950152009168
7243195804000998509
11384627185114430101
16935555970503496563
13983503508549743038
731530451536491358
1885010866717913545
13516152203682250849
15229403685521617799
3658943155020101516
13941786690318496402
9239281124826043731
4523672334111014561
2137365912136368084
9044880758217062662
8330749873364885526
7561278025483015386
13813967856186929457
15209215958853182656
16227856301813113009
12136242377799296596
17204981858714058907
9039218439324802998
4739267636237608773
9560059942618559791
9853098040155420588
997564972377193666
9844547834139787672
3987293433625455209
2950635183891736237
1863707146601892851
15930992506749166962
8950399968872110079
15761934746414649632
5007744029577092877
7478501322526736044
10618953878646330236
3657386049445584118
670085963908770115
13564563282117465527
3447245652940292442
9538437854365129857
17305323611586246773
11197303133932762429
17305409925634148978
8431555332881951052
15608904751971880516
7908824725990267185
18068532751163909088
5374149318460489857
5704470939821603163
8320682477349507299
6933449754988360474
9970992866132513093
5967704444961797182
14636936259894735746
4836706798946446772
13300577362038855408
18219155436037738149
9421848185710695970
4978974318645519665
8540002412354536683
2658525570743239285
5042273114879357059
9698809617529035587
12222848037410894649
13033299701474184864
15911544947299097502
18319193596713063908
18086226183677921857
1100141612737236378
10324031302580538897
6801037754140438809
15558007880252373937
10389429624272659225
8038730335812451136
7461990852252180384
4530165316939736839
9896194544069822073
4664764156746962318
443672532089266550
10115029732433779763
14797854481206858049
15128791234999313626
17044766781369003997
14879559688500245536
1493305376559632723
7344597222261359489
13786269365154632345