695079392729953203
13490195640389980769
15888701518944648496
6979246583866954711
6247323808998347367
16476276266079782452
3253381212980622006
6097821904036500701
6041092861622756747
8281284008794652852
13047561008143024188
4859746325006162597
13262017361508696959
15037793367458023109
8336326646473366117
12492377830570285010
6854347838346403884
11753574748724524480
10503032713192366342
17893464444481796628
15639467288637926537
15633208010166609204
16522177110818232996
12602269157136056011
2608035524010715168
4639842694654770539
3328444094471280978
6669794259698914902
18334084613217053319
12353502655935969318
9640353607667445684
6637521423767390951
11213865318119589055
13519626982469884359
3069324360832048147
8688792963977218633
7106955861861541482
205110777882956630
17388645787894872661
959238103876504789
13990397628547422793
10003306869698867305
656899951317917939
16287894091139805585
17786272802487182842
1175649326197734679
2945885460154821304
8151516273187057959
5127991654170646732
15851559771974602186
15245278132501676981
14919586994488745309
16138109127834050059
17021443425533496891
7566046126124750624
3183489694930162722
8741485510409890695
15525683273078337460
12648632821484374024
7307112860718338915
13235503143835024363
1087156108675719746
17158599659674854211
1931040198571722967
11017054210553202513
12976101318661833217
8671396310988449151
3410069747793393017
4069984699584439188
9488056642517222674
10361960192355393310
2010874426253426535
2094527350705145181
7104287688206230255
2204781502581695016
6071417423313836653
3205108714961051828
8084620210772578858
9328537317130761267
1432522814944185040
10084103664497502100
14645435009546720711
15474065858627287152
4358680989827189245
11299722636393335172
13291017626588903819
5116097418749109261
15751339076956105534
7163575963204071810
16498355380693558234
11641227081317048358
1941366059893395927
1021626729300812788
13750569634377263804
6321061404075262401
2762525358222597747
18366869653440277546
17961643592782393193
3154895758310767967
10236630670678039344
11531682435439675737
7017797309126395556
12159161541999288248
4883944103068311233
16747313175957541999
17205262981873465418
14346832133542317731
18042669067945253516
7323644597013473513
11871852078417842676
10783809259657777938
13594019454311000797
9521781703983144389
8643055281251440296
13099994381748171180
17861423149700254504
5232497956761537127
9821717566722205694
5543870463931494711
2616827570812559682
16087482208063657007
8784536143492032728
16847407438584686461
309911042511933278
11445651984605521960
9156373759271797468
5468004564949447714
10106607822145310086
17900086923585404058
487350796201753364
1043127365724202484
939893615363340014
13335072983966408209
16758034960221787746
4031731562920770416
4204273377854120696
15877892051535463241
8372814348929855418
10418153300686027504
11464471085293738031
7394759874444007948
8628078876596394357
11716768286889476154
15922340934780597590
13962769811238793350
18226800168468414030
742954221796560713
11783203793671098629
530089176611670715
207753545675054164
17021587887290436805
11857507736997698725
18394479198694523778
3654092409294525018
15629094940886265955
4973034782507060546
8981903304760141055
12547451824345088677
8274434134019348382
7938656596930458148
10388171628063234902
16494865075144542645
11248864481275153341
5239465283874414461
16064016585656728613
12002769033752280489
8137627816255899008
18294498952702104115
3244612784209583423
17305706530161877602
5291977082826902449
10412135553871507552
14203165782211938325
13002231412305108457
17187992880910624651
2283198029017703521
6276461127303767508
2819528941777569437
181709685152590340
16375645597481505144
17354124061667718748
17361288004177065704
8132027274297021548
11468419857989580544
9345975614292933759
12314970706032734983
4152657124953353482
129957370310090795
8556789921221717328
10860144162976261976
866176984503336188
8972444990600034326
7225803259867179770
1458971819500858260
3741489302546459249
8516545880534561248
14644564658807498968
8876275302887551903
16379292523528885028
17182168255778337726
2639406200873378606
15007297295212638071
2354659871269452994
9526802389417747288
15049995515538856482
13989059070357275598
18291087912392204522
9049350648755373767
16071198810999978159
9657688204296023830
7840590393324206443
1795229094510613625
3709654300637756330
16378101010057448668
9775254555872600433
14056525328055184070
6223968537762839145
9479141386424995063
13834822178883734661
1224695922611861781
6098770947052961737
10895541883232262858
11774510084293246879
5910223490124635637
7079332186832969134
7965853233007214026
14336379348962310506
10053008931582647229
394106917389311427
16322391708195765695
8484590534565301609
13940969866421927648
6081037320574133909
6006261890835914126
11077278742136937869
11098246221271179305
16159692295989928224
2403881490577662993
12732757119292159011
9485404345012627787
6738197703791651078
509778837400492537
5705282740527904177
9385817665582194486
9914227259120298586
15990958629243713807
17772452768981359592
16521191565795918766
4439520461452186818
17171279188506413161
9763233102488389750
16688309226336825493
5776739972519170557
1664942868373103399
10290841591693573120
13360388024190548091
11414446517094783401
8264253559537906978
15522903991347734699
7777123818439820934
8270281584431232663
9438163040234039003
4541483213296874261
16978477000283922203
4956957631541003039
560953874277325488
13341913776452263797
15773260688976588831
12841846631957856183
7700385831989260371
10723024328232771029
6684547783672170682
13087904401696274330
12439403524861940336
11512091909133954899
8522096898961390198
8221496185858354083
1188112394123673520
16597614470969384815
15361278324596573748
6865808862375730358
1850665290535936814
3058421783527390071
3215620914127843089
13702307978356504863
14250799935353307378
17092083475107306922
8898358743908472353
14447816746213549370
4897226378713610579
4314660550655631720
12141201792954481123
3801709776117196040
13132835966161076561
5630254692318885081
2334158641618034157
7365111798352083862
5451547736545904842
8817300571508795862
10173760533836271888
7732499891110579158
12341704496902485674
12677159875082625180
14121026704602969836
18317221633603160653
9827069320457871625
7840455237372195200
16422396659357000000
10444031749965686087
10870159240331131416
16178288567893590003
14502555886996039637
9500649762096640130
3548122200846499634
15221412423894331622
9957637544674019642
11382174220918155604
12218260040042990906
6508860403695561878
18061100501512031084
17349144221476315158
6849312771685942125
13420426095726073427
3736298270436549193
17973509419006635601
14491341253398629564
5418104567156727966
4846700095155930328
8517204322951223806
7353503886225019043
13599824776460749442
4389465813645680122
8382892013788848469
11906557225886186543
16355705515474731736
5441074363045501903
16079205827017613770
3455784042588330729
6291463414095785881
8668877791215627288
3160147902526314308
5881255976535458242
14122434309717336976
11750478750450568491
8170166979187780355
17297167996670624234
14451656080493483975
17517624917566618489
10677371274036661399
6763200379694497703
13084068288694936279
800502280510881887
1902011229375923440
16874180993143850971
2720547370255942364
4940580882280244225
14024298489116765151
9200797314884315797
16083928583161861632
14474443377770974359
18306408238901269325
4001663721438907477
12261847255017275316
4207358046027055260
7173318203645603490
14024373946410674094
4700875098627773147
13304572575000292220
15269218558362565889
7093409950240726546
13772712753119437785
8388135708576753089
13458471366636555956
2679467221690518859
16286380133304695071
111962977320583217
14503219905231233308
3338060089287885157
15563441232067297507
10211260838908128763
14582113027069670027
5411662951223499036
14910316781009466761
14566216537835773578
15389616702899231825
12542594845836494696
16384839704350962542
17208336821553604540
13908576918353026914
11632950147258995387
2940269901332747152
4550554473307089987
12767977035005984678
11363259797557233962
10918801090340326743
2885386648345298093
12122779596984816983
2840396444373280832
8082799409820786178
12737645914121597806
9026050176989737812
7906716965504254354
2510822059657613758
4834882322230462715
6988538889850791196
17632802135471934181
8854454194924262323
16787806763365366743
16204491546805364716
5028232641478808756
7299096506353341936
2829687070911860768
1516366623319256202
13343873841264436620
1792117233697138487
10846745131231611522
2970622315975439442
8011685051167268462
9626580309569106632
17804825980254659980
11369092195473108015
3974266946201127260
17010676233126814556
6585476422681946931
18135542286708670500
6718461846008637585
15357329262130894303
2113628215841354406
14006103738818504468
7374576694598855103
5144481531658290647
8469518365111896229
4885844349793309198
274487254897584215
15854080168737258057
17629044049571774074
3707887831818899594
17802153389555045917
6871989609269307255
5581820743564814069
7350430198256550954
9595965552797638484
7561186939336568484
585084372191798674
18161133533475977831
16937436507448056024
17949701311800422107
14404892909344612247
14733538808032809184
9679596874552205220
4442776357597757124
4992132792817930378
10114170876932153049
9737563985295366547
17944337359615910339
11954159853797932533
12040215923410996583
2999991658965660700
11071520366803242924
13607255342391127604
12576470147442075749
15384015986715189755
9437717738539034556
2480602776442988815
6611044076340556081
12577084668559060866
10464398492954606842
10901218198609886383
10365518046553145817
14965291889835414459
1716309979043998689
9243820934241340850
6509352539706095921
5587759237079695370
13043220852145979115
1759746508759934497
3405527521011036752
7024349488848034343
9391504707024161195
9370878492605443718
4057095781105021857
8129679203892959774
4456969259413325158
8524629384182294897
1700062302039756573
3144197995582394965
1968812315835365466
10082337461150767533
7386965006704797078
2549949020313636915
7621285239732716292
5158649360873095104
2096916910292033266
10193389836316327206
3613177563104004603
3737082935738023431
18274285460081140369
16409699540647322237
2171390649581157824
16336676886374115227
1939146432040744308
12548610518299739679
5774645699104245211
17785733255937637148
2953642611183780214
7392275591807445841
16140875922909472548
9678899323586285057
14900524943339444840
16996853194686839870
13568432898600602526
15712236827878596742
8063942559485557712
14714259107125839521
15633397525239595504
11985126754535256284
12924140420714167191
4176029055475249592
9952023851251601987
6976753965860803875
15967708208600620338
4027241124679670610
13737434010403254949
17477248869138697067
3302943375347798015
15811036221649215071
296286886367882745
6639714622120287752
270836773430919499
6669298059212475319
1614657805434278967
4146390000974448711
9976551324653504736
9434121441220847800
12903153961609906417
18383095083158448173
8584767704318070262
2944920466093456565
15087012223775476366
3553828464995077373
16678063745505531925
4658051238068137565
10051473594149687958
2644695910324769830
7195164000293625037
457251236989503345
728481781599089192
14514298862788391049
8890442278509230625
16330139657789048115
6703334014057271777
5919663276902442541
15117831484215717830
8766772138218199377
17725445885416382885
253038158959778321
16839358129252511511
16177169785210633026
6064910113929613252
10504156847980032044
11787192843415260736
15311994376694077780
11978183115135359389
15182359368922924659
13404477190750830070
12024083663991032700
98674103079389944
7658508363081932176
12637814706173371609
10992438236417522198
14728306029932843829
9634771519597550865
8074635944126413859
7631948073178055755
9857812804786311723
12710151860620122007
15683636367977376216
689786985412068727
10095992004048105493
3711681469169734384
10785326354756579597
8210332734650821864
9937188758205108766
623493955858543123
15570575936615647959
1597899324536375472
3705546813347015256
14969091761627774352
16857346792420837140
1032232235504624283
9301745217174197033
8128179776316692931
6127349122669133066
13719525558870178877
12074868384417222970
10339442377472280015
13626175053419677880
7256478707780255166
7345764936427635252
4090777899297737130
713133071178260754
9910299739200797003
16824714673273566941
4042332583661347883
8865983464782333696
7277443360761889790
4141980089723874647
15972907586325999754
11039566695577783007
11594142040155303258
587156226952844588
18258835784921125816
16904345314041468887
7118200739767758345
14129768546047283180
6961436637962163783
15024738648624399854
1298413415913076335
15771033814173001786
12885862826713912998
6417508529456785002
7947495124004888419
11991740027207562733
13314495436159394547
7797679210974572138
10916644648130470720
14016154231960922931
3350588183840895652
12337713088184373687
14006945730991330110
18310517113143656187
11009625823726293441
17104452276482192713
7660297616827571609
4917037221276538908
13216138787905187071
17619915817596734073
11130456845366654718
841067676124556301
119866891084117063
13244650725655121307
14633743574463336481
3207522048154069925
10575726818934246814
7645188505984611122
6981253290971822554
14143560338398604297
16615249597455847732
12389993449027624234
12022837867362155666
16196019998545292589
2988551609184778104
9345820133680544319
7761975285869364140
1146806466292236493
16359196608425929989
12642339913287628970
11899922180359814077
12825127806211178476
3575616675709731014
14119849672324584054
4835780860307043710
11414604183716593813
7271130011002416905
584531000304150452
4137817619614864945
2277369746509989999
14811511736324443518
10377220527661629336
2732779369938411589
16214665678094871568
10969186600256890536
9168560451843931004
6623069196658392630
4986653154436651075
5739557778445108268
16769996027140063030
5097579909660586107
9700976784365903304
4249435006129765323
11857490765594088120
2146914242185541898
16638651576026503106
16226979647473134201
11250174519466284559
10659490526922546094
17095331605941650363
10365782497834152876
9795431407892397883
13526581352834633972
12867347135237080877
2383171328533053498
2044357706314811542
15952316146231907624
7191681561853478748
1732578363210599414
3038048572984120449
10029269561277700111
5147700255889140930
4404351365701526676
9061889205279679022
11379063669996378595
14542987676967515258
16500476062740429329
7614434612455031042
6171829314318395680
14673558354982535254
2626866762167582300
693758125179459956
17733937023250766176
1826438704561892758
11502541845339285157
13732931054494599501
11824661340681800479
4285752369716241318
3630777998486417835
10315597202640488959
2866547847331250704
11299910923412752677
5197163872552554197
6719108248005104552
9480808609736184674
3941559528896477554
11060937380633115930
2369406669116185291
8133716333092861367
9300199315445562561
8254753848637869734
1064233742367329760
10896254758559088132
11385176458255780434
12955938676297854550
13665730557690161743
11173751477182341495
10713010672291991895
16719927525617874684
14447207586811528168
8532044152633696279
10484237209770084521
9563225937078026784
9027194277207947715
5667442245458453610
9900576720975280980
13947665798161343802
11135939398985790115
17798637655941521812
4528156807568387410
12949970292932827498
5663442395573856897
9786589506683229007
11168102657098480740
18022278763433953300
9057333323681604109
13800633631402006575
7849730421344477771
3146857875865795334
2368295827489966939
13052551227141635323
9494345359625310984
7791971945349417359
3716775948288548679
13297771831501655295
13172071928463326138
11824795401768541456
4570175307843552437
10476970820986633159
4799585575782536931
5631964261419069178
5814450738306961054
16764556990800876799
10796658650664303851
15225371390706069564
333354671009549728
9665663663169658086
1146784561991742007
9741246582909803391
7875735063134353278
1043816943182014125
13580872767974509753
3828913189356589794
17535407870497628947
4480135653909886759
5912578363112154385
12074417031239271922
13922355669003595681
1554690729210943341
1357751765424645033
5241929746386634898
2327981304147440756
3046343037111723566
1113215472262277532
15251085136655000414
15027951250841482131
10325594185630686756
18202812490807255084
9456924511789080039
1584247581574574802
799819954589230040
8844684616061918257
12738331573022739882
5211206049211543407
9196405444172108981
14931344251163232700
3027525077305466634
3820021186088738004
17464157487476993203
327945180176117414
13308351582005877631
4047960371273124705
15349096088944558918
13036559033488348751
2809469816488328937
3163053760220604656
1208346480588562719
7540933992577242118
9209540848438182575
1687607515175010031
3210144531652013412
2057484702361193600
14116773537858474063
12247347779762857414
15104118181880445512
5235936140554704558
15791172934429100859
16919870050249150001
16189733414476632306
4337289874547297908
1527027350373171936
2740770878299864739
166699732989413083
17998371687288176566
3033707468879820580
16441594929880860865
2309277117396407960
10217308107295419134
1769533941624167208
9715803013174602577
15655182035964831449
3115090005849956663
12652215205113693448
15161385625337188428
3288674592351345711
13061162693029119390
5007336709148906393
4879131693632433343
6491663330287982745
10117044700639608349
4257514895392155630
13140773250703162665
12813490907846446071
16207151189675628648
14536100519097478431
7051767645994580014
16872628062470509708
15264270552010326531
17373330729652055813
7397497899283629143
17878497973904526187
16680869450476599921
8948547745763755659
8100745926669139736
8560889571429941580
807775792423222421
8015182806813177974
11857660949958616140
9445818041906762075
14972558965408308755
6909727838876213633
129666205045859494
599385617756436968
2561875547044303051
749874896246370051
15507885157405858600
7654554775969633724
16683459530572852911
9208545290727685733
6952299226086610971
2313361722609175604
1589735877844298034
12026959565887152427
18096875768111277100
17148256431236578759
8947955893787794306
10165919609403129435
17357561051942406354
3870099051951261173
16356090654721608881
10878539847960621636
13502123038697245717
16318854269349276063
17055004112252749324
7333516951648770101
4099503455177317218
17815876550823748248
15330033761614826206
11077633571596909934
16670262152926231292
15699204846825840717
16246629688435079865
1002901898311542084
8763859497536686915
358721857156443202
593376878106445208
15959208329706831740
8021529733820444673
3142405029085873950
1635803275482544039
12767931951438480532
8595723373211980115
11412440255861610230
11434754125239185335
497811979709228327
6376772714656655279
16934646779677490878
10583643392469697428
9398091118510219839
15346058877034171067
9833550062609825448
6811240660316718319
4679567866448198069
14949838628119083231
6396039169977272125
17677519923051886684
7531373029457966831
844661808734936130
1908134804537396779
2595664487012617195
9743736971537481738
4888091821241703770
5475032656602007552
9067179882699323914
16045734053892925985
5126443882717968988
14169705069774941674
2313843448743584247
11834209085051752923
7349055458840343407
11107001670347372121
13368089695304659843
3920242895069388348
15731280354058744412
16275478459440909970
5918173843368756269
3317385518543672716
15076924550650074575
3816481607888500293
8968515439709841518
14420837190572926363
5405971620969470992
1518011255637601026
1005495000677807807
15773359173711848234
1374993563329848580
18445948221531864256
6816738393777623724
16580159360717712309
17949191270685467050
13357852101193621281
17035553966910306873
16189485381434134737
308074316488899477
5821862043759557571
2532712037396669845
16560465497684360758
12693041887841056
2140352340153219722
9668010327935837016
2680749068236176995
12388157087695708628
3731408783507523619
18445444909208162829
6248563894562869253
16212112565247812646
6871263682810055407
14247891946592701327
4913483404519139215
13366608271993157596
8729803239344410694
6084407833196884208
5497123074937299290
13299986973166034946
10153164919746536134
16455979591390849701
10985923001848362811
1910340405123296836
11839886719556142718
9745898234417041196
8971061463073696188
7706901084780039857
3149588565888637354
3532345270643491108
17561537132146100859
12350833545781260303
2959049008716100480
10363829707507551338
12255626466838628795
14028862991605006415
10545215067730750053
5904444802879376880
18443065253124582641