15758366836349895088
6552854672147841603
14799336196204126283
12573207167665503781
7566129660730405996
8912178008115091944
18015514642474683516
14613086477167896162
1164745843787419490
1982250236840884371
8043616006038024708
2689956285833447979
6972368992024622026
12380920693975352566
3904676324883731069
10911187115762770932
17033553490776055486
8419397773711992475
5365240919707237612
18278853844973322894
8281925026591871047
18321081371206355409
16881441642474216308
9887650213971586989
17559277621470359817
8029684626213678529
8297568227447016675
2084793260360598290
4607994619902556346
9238762260106768551
16165803611004971912
13192133195479149116
16633004870915610126
6949520400917393468
6189306334354290533
10590144412627126156
170353367589427919
9784527905111501046
13556650377815996189
13713905769595053525
17753191686929952817
8181999580567170934
532560999696384609
3204755407577456905
7706375594325737851
10009342390711066736
14740383178804522196
5824548601126714056
3802909230705007791
47930681745082091
8851030836393686209
15773408553798311750
2086375027602849374
12163127956692948201
8669503374205429595
16850455047856919994
5470933115440069823
5376377241298390663
13109422132041806852
17453906146074161190
4821235246775857929
14481172738849880675
15988568298141649201
14691954459962397773
14857591851137374524
3237516498904154738
11982038339680066613
15761417607413840888
694848774925096311
14411222246315106123
11928648508754586020
2580943868159294642
12070462155684622698
12952741590429940406
13227958133526994695
1619813323240347831
17978884807565664403
17257970503602440448
1896291867926867699
2185474649929463601
7963907703203668085
8574963033612953633
18326516167129817688
6311961523941947548
13322795994753893073
18200847642378701208
8511177686213167318
14574367121356571721
15758340566950257944
8837576481275692966
18390354080842282334
4995225037934131805
13495815694342529325
1918026716840785887
10735253193693945118
15824316224508187081
1849328634025707087
3727404816310727014
1014528875616080179
9702957171964094121
6394782003008936695
2453173481869882007
5841333283267024016
315365927967054098
12759080323499223139
17490024951648222943
17141860714309835939
13457568255509248535
7470370955928970676
4828164891913088756
6329993944726560910
1429637909608369169
2296396860503865141
1062781642761342932
5016753493097314431
4080208578739641334
16695992538083759212
1578550430438881909
10053423138021330181
9070216269397896582
17165328962304717702
12620463327803654682
2061567404817798020
6607487071585770621
1107414076129297938
5324020141650497795
18044725119741640785
15266031528779453068
4465010604383297218
8284608871979385836
11660737857387316384
9267773641933518028
9937321251257137260
4279855727589377135
16816050345285308106
4029478209001706772
17018863074838765569
864846159758507665
2870828196218787340
934339551280376727
4787402881879432734
9996504140958728683
13008465204598653289
13957415352128925824
6274571279599431646
7038250320136328897
15676952455093421909
539540601432888181
9716434866151572399
6800262624721967648
1460970938785508333
8342381530042385721
5222062621892749727
12717063925501941351
5145443523980616197
925065546565865577
8619538755727489251
4673988246919224119
11612164866793176051
9282773438415857331
16617643977480805423
482670764927998129
5980459490614420221
429621718627376228
2750619401166373765
15321814678327577749
17560994678621307192
11531914555057199498
9634207357168262318
8523397895031816137
9716035894749477084
8580897141511587868
13024640952253793164
14322786861791646121
14102652547356176503
8077241743306584705
15103941023346761085
6955175234930014454
11863274437487699495
6180881045376634233
8684306129034455940
18169607395557089080
1213575530949791031
11034289503571635347
12598945794326568875
7570773652818198739
9295452149940794819
1341935608442684112
285005703548011587
4681589785331803371
11503144529389491823
1035156267363965106
14447546205377726591
17674548287772624502
1928733223456749954
794573308324797082
6052624448422063064
12019587242315284898
3110211184042217522
6649677355995238163
15942312924799962809
13091887250553071590
16507698860331973360
14479265177638050293
5569477578661958695
8004698036902661333
17527824353421376903
9292361631444447481
10246840287066087613
16836577740388975369
6781805625885942301
3202336580902612377
14735246322585208162
5453043919522201306
11147460325147518609
1315079008695223342
15518962174067570659
13029375770490458746
910658994811646312
15438317901321858243
15560455436996763844
7352601277062310886
13797538728467845782
721767422155322382
6368873299420630850
15456954121439265809
16885977921257618834
17433954008180552214
13253356596324758810
2596873619351184174
11231041712466974591
2078720019204987619
10621477695819599042
4847385805455202782
9158925880401230715
9776214553084493482
13800894212420297052
17950776941240773286
8048904705146228819
6689787877945500892
15570948091194784915
4034678460417521914
18175480874118675582
11010101854460267520
3799331802739769645
10478565205619206084
4336445318280499154
14173632517055821922
13056836298235632925
16108675490197801778
3920461663986594675
18271108843026839734
5177124030449137864
7628674265950530346
10690029535553975901
16197745851546321003
18286282092248308899
17185633560930271196
3089429797938003669
14084912009338027183
6286518727461097906
6271659163910177799
3322988171502370371
16336586609662502281
12117325490801470616
10103828594950552549
4958831048004909259
2138089168249831891
14313025323413338998
5029441607769690808
10322139029912506400
993014121252831704
11915405369352210742
4913639942828959452
16879303927182592569
9940970380967821190
12164184790321453484
14058636157143533455
920105773767374407
16413963409478056081
13822800898874087793
16978427762727014033
3464739599460914122
4232506365977645494
999626546632098031
16262362637103812923
18140971258224611465
16059011132943345306
11385558916357984919
10794112533883052486
4710380569102100554
15888321737348851830
9293531620037826751
5174160545852598388
13072886897151711623
6729399186166531508
4044499316822291471
12144600696008709331
8200019581340347595
6677287544220288427
11898299158256318580
13692026406983042378
17531911111499521729
9637673783197114428
5036336318209534921
3119267831152159980
11506882616706593957
10586021174137410546
16702159317188170725
826195822520628739
16895125782174747666
3519064344192972420
14336145152220129092
9975728038683953257
18388678732012255223
8453632744359212178
12505445428257410819
4756791363465322512
5069449160621200512
7032285524071242426
11186945599827040621
2564549780311599562
11110094710034086463
11829019267964201279
15563009836124554100
13159500708975742676
3488764445677796396
2108834081271681610
3642757018716402290
5398714607811744874
451513194185767385
9188154505703672568
627220905079375866
11077681372331401431
5579788276320949383
7056954429439812384
15134628953723238486
889667243725824723
10211695429526400389
1702565393489713663
5817242177359405208
14145131247997079414
12542987819387389783
14776541023805345763
12207865093609902247
10211597494781088807
13986454650700675383
7885087042188880891
7973248584572090246
8499787247090778547
708857251405375038
4489181720476154038
17243132945821729357
14666606107324851264
16188088918276751436
10862448748547298311
16118981640731231283
14055702050011420142
16317140155157296767
7211574951905380890
7268765259761686025
6626309589868832811
14792629599225411237
5139607112708712240
15806043444558338397
9504951144564031263
2643989601113991231
6427890190542887947
8390496934095174162
18438423654511739722
6004657900144841920
10502180193978685689
3918585394555774114
16880000071622504488
15450377719081286969
3869595607870284163
1127360589132013408
17906128765467421645
13060500484799179955
12743177424513787991
14122411542727063941
2896978902973711178
8805041574520573735
1649515255406970912
5734086088491447240
156555975030181691
11461513542991692814
5476550878751035222
7863719255663533901
14026667111600191417
17462181621330856080
13353021063784541351
2505730029171116511
16573770499150844935
3971457796651068036
246538519248239060
11777946358367780478
2714803222389186921
1560367875613039923
13586885883459531471
15016964817711429692
3460359230819137987
4841877105542349241
5966389705768312872
17474234884876625563
14551365976649653577
17354025552140074336
4696584358270955138
946160910497465342
13927772802811479962
4881970012380111182
5580217526550078728
5998687096888968663
10905128909655111655
6796198536378712672
7250117339785468334
9253717391185593181
311026503122927674
374358097208660349
1066278191510797391
7429163517510647695
6566957995624664680
6092139643410545268
1598907275313163457
6140000979788280430
14699973098022487571
16536661381520406971
12091388134670491435
3437964687186733666
11360664139791192632
1150599580672833544
3886601623735897403
11022618730887185308
5041672917724609148
12845956654775159545
30275883591650790
5249527269832893753
3523275155649314350
16211367615980306577
9331445509338505691
9988457720651933072
1967053558461533960
15410865861865840122
5050422961042399007
12751841495532722040
14595252550622222014
2601732177214794704
13937154110749477191
193679256479516627
16097300825411503357
7501075366314826253
17210125850154938623
10941285589786616032
11546282640610683595
16752935519370867598
7222074470580012360
13667661654621464341
14065777687865017546
8245965327409751842
4341664658314216894
12129266238049034108
6721715378002476154
8712055286438920646
7928598859516609759
15105699696739942048
6984437154126131060
15145881750865341161
6994220158638196938
13093674340800115707
1137657711607068623
9359117943455493488
15353002326609012394
10080841064819765420
12644408851175258820
5210536740874812711
18076881305953004553
11699356980113969587
7636637352388112167
16588079913604245201
13495242607729922706
13048706782899768785
1792855019420656264
7582493369218911947
2757284175996158940
12439108517705265807
4100396541502309010
4817373849658495943
14924155346829281164
13592912956083004702
7334401033720257429
8437886382632949865
10436340840869868076
13825685816143159605
13831931968059366304
3324471303802317288
17741408711552518367
12378668768603935907
1289694095781489326
1616905012259030579
8188866961739069069
9651307981090070944
3137015077022763100
437987636136495617
13527227065378649300
3645571350811963484
2490702984765266926
14133317355154848431
5022584653309355277
11891658813419654240
7421553851616331965
466736865005745422
16051675199536724510
13417559039402102143
8962489293296099934
11794162189504732814
15432160235438388077
15846635542077901074
7144187626106423308
5000203948435265154
11542538885595748106
14431166884532894960
4668407768861076377
17639968308739576354
6244046464938799822
11916332370035953131
13207924225276500643
3941720681045560493
6069939201304580737
17564905036969460929
11749872645027230957
5174454390530111282
870633171749556207
16101727036435501782
12019410660761882464
12147440772940648960
9573550385331234655
16788305555002521730
10931601857210978200
11179617449763645612
7616196159959712186
10513651834666034779
1769362898407197068
7466168324201509343
14779662895194578350
3279912629954882659
3784380881019630996
16694173194309117810
4672750434903428181
11191037478084679832
14025762105998761044
11521471605714535265
5653148193667351591
9493189978779069697
333477377856761578
12559554757691419747
677631331324927912
13870405311084809315
7228549782048974757
11307527059423822052
17148679286525156360
3130339350543756183
10887351263102486781
14280053787831491813
10621812911323608947
14249678977751123043
14203793913929176370
9796632353056492982
7805616752914317348
13900969313725395615
6023378940240607628
10543813148084746297
8545792286333534189
594567918656303593
471841853792746471
16463252998271571406
11994589413097816252
11633460380714726490
10544058364751513217
14343522601669927216
13984852288228469188
5253255512365334397
14049602459244631946
1235610134422760927
17414228300282072777
3280215509117432774
5075806615734349398
210218566699873065
10130655652149586340
12024581669186892437
15275174909762602856
6526397716985416692
14255038397117226136
136342513936893390
1301166116916637677
4712280822170844015
18136722273178327294
13748715622824895157
14097316614259598439
7089390128477957076
10127364280211075490
5308656129116358400
1136958236543748893
7594580913538105763
1605989840004883223
8763266737757499372
1478345272420130347
5111846836816604440
4773365251919869797
15642282546612221942
7731197103072295382
4952092298935392036
17285500306981189111
7023797566332420773
2023724342815803146
10055402594614321498
16571856706279413428
7423119372069668429
11492967259528544763
3452900939453354177
14801622008880531591
7979773716703566221
10817826294901840702
1775083918320289633
16703626241310732015
9371112143472036810
14293817978465628133
4089087594780490150
10976950742907639888
8174786540679463308
12134965856444361840
1292442360398714768
12317732482164636227
9481493377114040428
1922420080606397907
11570274964173794204
12209135373434015251
10976632576553882596
16218580009350082733
18366907010979283014
17160028720433617115
16962962969729923640
1896882038199983260
17848670018186425268
2028255403723575407
16254834972916025475
6831349420577492891
7512585337336960926
12915397348463851440
13534021889902427428
2735077708553342375
11264404279408389229
6639218605284028139
8589079877526419585
16951168751199279447
2093284265068211698
5782029450378709741
779998484576367380
8774960547631537088
4019136659786067776
5000317768539854982
1133697693818835052
4907481956989825833
10801144364893471773
2108208012028983425
902226076965655892
16118509757010498474
6674937953407076865
18201326268294311979
1998731998767464548
18378866395590924222
12949717844011868365
17585102726327081921
9896479441706200764
11306472151279158040
7508424050928294615
8710196684180627260
10048515794893820075
15229567986649700043
90326967471236667
18396664611499798210
5648695281402885200
5695578296444443927
6634456046757090602
10710562188092020262
16914681708613407044
7289752422038262527
12624883109123872404
1217342555617455984
4960075241732882872
11561116160866907405
9719707367024664119
7424077186785869567
15725546157164713051
6080540846267083901
15926157733493290393
652065041699275873
4628343874118135659
17726022415437047587
13162673721478332580
1159540400001905838
2285217657943390882
12194197787134914967
1513456853151992758
15966638186954362662
13817527491524107764
14430494888218046915
16176947567640754071
6534493311352562214
17753768184146034519
6754648463426100856
4612469839125913193
3815140076273521252
9906904695118760373
8661974273002387523
17383311211156145221
9141992754367583276
10936070948680229639
15038031931866392694
11354448128335125480
3799743787585507865
9304747936335585033
14514416702003468035
8034346999685771039
8084438629168340856
905125760232119163
10034020925662978830
14452448334509925602
14527368730222518350
2253072102237444364
16642275730786408402
5537141483214435792
9778691094465815064
11637035781114161172
6364303842701449305
16688573832096446186
17809025505968609155
13965057562963083857
957183151294843571
12967828029761713798
6447716581266877875
9441319034747123062
11076507287346363703
1992617866168958549
4461437124680399211
7162820906409841167
7049001504579743059
2983964403179156291
16077715230344060353
1247925571107524893
1760030815718801338
3819703333610553033
9151837916988271550
9317415178794521852
11153636532159764857
6373299190986869938
9562508932891200892
11366768927149748449
16810489699933179061
2148749399916797240
10807955104154937370
5505565469762387251
8524750932434066497
15786196216223747751
10909485332115798934
1308618591804224514
3268263701528009452
14914291872405596546
5116007140810919864
15512416910140181421
8759622514773182377
17807072826189687039
17322568439343869955
2760442875403559592
7782103650193155340
13688239057111939032
18121916944842670514
12880149007674150587
8121202192997326295
18041539240853041373
2081204748146407279
17006635620329776781
232362440828965568
758914087218992347
3253792633955552530
15498372488074866148
9283915725076642328
7936479358820645849
1225005653993474149
9787712636373742044
13283645899978469221
3857971334387982441
5242736180229383577
1441079359225555800
2299853802220541447
1576019608759305981
15211089232320545114
4001018441574709748
4527306047482549434
9345075483165995795
16949397448223189444
3570560434518502214
3109630503228231617
2014916160620592547
3830860736343020313
11549778410663885277
3361261434005917235
659059980624573637
13376274111726499776
6701955149361213582
1877186648022460987
8113621495922852875
4654183084450011027
16534581017768539460
715084443250531491
2600177507895235281
10581187279110915815
6861472163113403352
18009786376381035841
5170543979808876386
13436475955312570375
613760184269179650
12854616618038265971
3550909762425177946
7730506163166680033
14544344253580073713
1590978650466687968
5491987142403986629
15078795230498380975
6350616436423209308
12502267161679547130
6023395826186213441
15774799286399995757
8655154799950586191
14591813729558803166
17430088212223299871
13497041479908781177
16411150419687747724
15955847327287403231
13040727005211418247
15170032761706387913
9743704284298720090
12625347250274072589
8175391050100159918
13229033872359520946
5673127408704643730
1382743694788259646
6256698641233249399
741786433557290215
15366965092648115084
15885493904482428686
8993349919258740601
14494574234646340714
12317831436528140812
4277114426726801340
499751838180952193
264882446151885726
18445012963549582685
10430081931737066319
6567289231330493022
17157965781403480384
6881378951959021016
13899708169201628313
468845819788739192
13047035008336520940
6728250346529042375
7559091943244095242
16433610869618797400
18259234850344805831
9266165921210974074
12810504443925908024
16539828896987903601
14534048741789982577
12542521802892153620
8325068190475873879
2805039322186566795
7847562881467415043
3675412210725100724
6807059898116387203
17882337419593594949
13692609554236735336
11236861643953122879
557423695617803689
5427539732078645932
11837711444227475422
253839880166412846
4454076351222351243
13029478126872573038
8803007025288970925
15920694720378355722
6424009520740453890
4954267674939722767
7021760139706742801
795549039009958850
13258237441797758234
16186972853650266849
8602429353519839453
5759158588958384048
6258834921948716675
11283326495378852782
8986381238198163368
9230494886776359032
8877706521759449120
12764033400606953001
2833681514585760661
4234284029336775879
1307339581779526081
16309031401720759632
8762110466750406773
4181206918164028235
9991295040332685574
820620998370563815
10912839591640387011
17717316149604337433
5381089613319381133
6231747150272578807
10480937271495018600
747252731830390438
3712963521412788365
17108137561173016684
1070399974966077508
527899006276568181
14921543470152982440
18279831269500863829
5347189904494883432
9908896837115373852
18430598491746268549
4425440159013705898
13047570039874052271
10349806574459064556
10455728053816870466
10810330616307325335
4040919210336076949
7621983834501161174
14024195368230289523
7701744493873200965
8158370193466289148
14470372451415858002
345157904468165767
11523429456001545132
11586044985038826
272717736127787582
9386374680301396428
15255934177064379588
38048015845648669
13566267845664000092
2594100777756829233
6187841319977071011
2179852538035666534
13639103392497652713
11746023909012763240
5697703444055256809
3590602384028093620
16502186037718620001
13229100348611962088
9585327493208834691
16437832615624062862
6700769269625265946
4928666538095453656
13737593658948190251
17050271804303867971
402501884092532499
254819082727832794
3841736716870873649
17836876352023716477
13268521457030064946
15218085595527970046
13263080752788352797
16717215991621454824
15079637237709952863
1056119794298252611
15512763045965397993
16406246619851452154
17475123260880049523
12770066929244500587
6358061854681910374
3292140845080311731
15355158773619325199
12502878027337699250
8415442560733207192
1596531086653569494
4866107404331006097
13007922382597622452
8875664087033189774
11146617665513736810
5772218931528339746
17393577662052461006
6695450733070067504
2875331063300632535
13896076970952831799
9030361198073344250
8419309189734676517
1784558871792571337
8073756362086790274
10042498444234671749
2610845599269947431
14750340594992664512
8461070591741549052
4644397929695361843
10695144313982225683
3148968425067796923