13083306916603192967
9502245247961216532
3544059938389394359
7376998937212244084
2844674650492767287
6202354468313495903
6313417323151339967
14755317026283312886
1434199574457883040
9943309032729706004
6158571740076132496
6873883625549919022
17074666658849692677
15478279461665728122
16808437601952553491
8913538515434506141
16104794566351387589
9849133938163574975
2237587077124592460
10695118380734930890
16209484161411397543
355585963663712200
2756431827125789321
18091792257977015110
12312971138938596165
129258518702454573
18367486152135331641
961705751156386759
2994064931138526478
17827139874763010934
7311027375022235149
933853008791796434
13197133139918979173
17078057224670034908
10688412813920946387
1965298137081156158
17804525527902577891
17768982905190892837
16991697670870660789
16942738059532447803
13187023661410948758
14054240106917649662
8202964393147295716
16663570807719463212
7213721958269383886
1669174103583958621
187435954496461032
8664435600876892126
14212838174351647014
17724515988964558736
6731884039350061375
10102893169111610006
2649541518560554529
8777294824355422654
4452651342236926988
17216846904811393351
3690795704787319317
16559957677743890273
8911658629775063923
6118626754860478327
8191483515275910967
13614852720460387878
14329027387385354088
6629478507218795820
8919430557059284885
17727211777528164165
13472799663245227674
9996576425839861329
11390313101325877130
17820260925207113059
3651695713593077839
8791352862674790596
12021766800474222463
5521311117933947223
5384333946700838913
4285604962028997190
10361309321102461513
15133692856099153094
12902707872791739987
15242673027334014562
12591548652953739011
1161820468366624265
11317457576339059392
11467507756647989955
15727381434752540018
6370825360929987200
7863858365624630877
5053638272782371215
13632797683888651735
17628728786115755141
10400876108145627544
9005304042865243937
5000007418184739106
5311208242842841079
899683292980309147
3711284539918495978
16874589314749120990
9221296766793024737
17661895687751695906
3683696406589993129
16392625524293055937
12268288157888929826
6061496599008412347
15268943215559133868
13680497615664624621
5693343465851964324
17771295400216842854
8400946728180240541
14173720541198133386
10989403480750268258
7413783192722572735
3446350433273840298
1923680706726467915
18395632145907719289
7747208744502722722
6750917855052202510
13709954928737427841
4462057595295114131
11903501909177454413
6219507454506712910
6005720010302633639
16895786220865024381
6359859293459042767
16570114856970745998
6823023049844509054
14955110758559949872
17685763468381873294
8959209008197804902
16992771878980904371
14673679067372609757
9088452330734515857
3699935876704366684
11987855639915961833
16054007169373526498
16763091977485384527
7909092438431016447
15829982901267551086
2009955206270499373
4170341556209750369
4929519664086277832
16659571602553591596
7080248592100957704
12834924904436958885
15106398799297312991
8164558498818596408
10543723941289336517
5657873345240144695
15119794249054448302
3682501722534306086
6667857040178676783
17265747826529884295
1995248116842532239
15706518072962842601
12368381910707280820
11971505524539763649
8661140260500332736
13628727566325391860
16180662936260995308
10307562794044165720
6257291366041060034
3588782172104532158
11055924297825238878
13529794227785408252
14098116932350166690
9033279633592784807
4401073906262750690
9265313324004547265
10336272371481755705
13358222590772491253
13718123515676523902
16903957417800527809
11407497615019986025
6981464004029102217
15237000009510896976
7361134393554593787
2309408892266105381
16429477445447394754
18078115247740498423
7985258367999013231
11067871287735098780
6721566470764438887
17772842871588460899
13628392689407974818
16610652357940530426
8546998099381347700
11502572190888291331
2274016340185082015
7766369949329435633
11441554686517088242
11946929667557091734
3577554369842779872
7679150194613203642
17596551078586274646
3816082873919633686
456235231434731563
12702296024898876978
18103946239285068553
15414387739376439467
9914972731749283123
1913438163586001789
13311718661984341602
17766616288770502075
16527612949620115271
18236124153440314138
2915861560240277054
16265407416436768958
16888670255778729553
16954339752615001601
9547587406582580304
16019181545631985621
5251898854137567137
3015248196554481961
13042174026275202571
12803407466092841709
4129635071090828852
12868865499704500602
9166924359400574201
223437598076381492
6893905906576870330
4962115445168575635
11147987953479127088
12092380073321660899
3891448433687562597
8855283337431884498
838410975976466928
5722203278593679263
1529551121912031603
12279180049887196946
15166825090457965103
5352586123435641990
8550480226066713160
7122243357707790712
13876580997164119181
10852034740705457520
8613880519557319685
7517957286967461450
7650471238191349914
7527908044412125474
16605786573208664598
1283663964775991877
5048908962239337824
6338794132071033048
11735022786260270821
1787553653666294403
714248689217922901
10659932123050721495
12254774988740466455
7023488041413757292
2682952452813285838
3181991418468541058
11809046617205430556
5438000995113013343
15914652957907982882
8019957076491521860
8338157736724790742
16956580594238401900
11054846799407242852
2351392302744038344
16250264813870313128
9218456472195650951
15098095172210776544
14960185394972866380
118765492279995167
8006369771750398828
3218396999902075337
8390962718988227389
10614418066916954173
14194368787976365905
16929359475950939127
12411896605178103334
10909081370544998181
8323763232770858828
10919303787067390011
514565958987427850
4985058792817468445
17514187581760913298
3006643136472753645
11939577522949180755
11672809627399628247
11724122636491605343
14481182755955287442
16612867748352581003
2069793832930397894
17271454236116161587
17702528829129347979
3465363471516339004
13303078948744118182
1452841950816644532
18124820801733271574
6283017537699126293
13004144309403003182
4128878207804412337
11715294094944153509
12326054288951489039
10346001511532230256
7309884717029874706
17312363898678141508
10863777930087564799
12993548529485013983
10823255244095314973
15061236296068979345
314507921797382684
10221115092177816819
4721268915618113746
10438418348362170983
5678957441612202798
6841306482859677179
14838482007244055284
6853656313838380543
9690278575963051315
6373362367589012406
1295343339131458335
1003052533286145081
8718396976184119177
14536571522109339797
16034052348267421738
9188484139918292457
6303856907758924568
11607781868900551203
6691692290913003583
8756961787672415514
2126216460560952759
10873045968891131834
12150479957571906690
11785293919105801842
12325535498336353124
2243544117038595806
157873700373055044
3319152425941028659
6948018389210529458
9035907669658361150
530354619145645351
273666795255472119
17521345711740123101
14699901347172806472
7938355909668535087
5795722102286733880
14867465955951671629
8583378690960338370
16326645787478092616
7578538006872126634
2981160035216468318
14613804469631558631
12235400013417742565
11078149448584337566
6503597229030747107
17145193556022939013
9277787718532416253
10288259299691252312
544998245690073266
4868932380015338909
11521385703430099475
9969852030229167645
1576821870093167931
8799403225181606038
723874439003708124
12876868275080000271
16326859155104331449
8460939488269286995
7881106960987579573
1032285276414991616
4007737660213576041
11482567663819115707
6350854153778987448
14829125221929072187
7037303788314707436
12177025512884485292
5270063863976962426
8440505250660309232
16626237732371289384
7646038236708921407
15816095777127001587
16679139341546626792
16899865497038624067
7117267434111029063
2896032416651025385
8136426869401752159
6421915056373044523
4185282095011904864
7239555116786965507
13014656247219842653
15997367796620640270
3566564393992983495
15861454655281820067
18358621919508197562
16064746304942889986
6904103105773462956
16507242355585392931
7121013291054210346
6776865568807212974
14587393689388060574
4923478282679951696
2843368312766882326
7268074701510657881
13678568970541320864
2952057476616935322
5439965421373012598
16541445231043890299
3568626244720118138
4358889750139555022
13764142452699951610
4292401101914766448
14641472257765841400
1002864179104804636
9921081628818765613
3568987465797760076
4310874423903002496
15777730359484274135
18412193466951092222
14025302205074946160
13650025218528733822
13259304780198688231
11781667766991276891
18250205687850811834
8399032493348572838
15562828883042957207
16363550516404162108
5406282255246205855
11083232530904532485
8036114055607408845
15486077848034461796
3797403364321006212
12514243901598758617
6648532187954578055
5051908639850006883
4673538599847783517
8587421965411324308
7599200618756561478
17281102414369263943
17032236269969573438
10892526516382306013
5364905912538314048
15483304733466534224
14122566261069151915
5459088484304502373
13164849210038337391
8394458416923148460
10297336180232620742
14066461257038737082
14812061051873681213
7183106862193073792
12048027811730257138
8760502457313439562
9550602441762353957
11372018028901334351
17409849532356108640
15841073365340307801
18238086006828395836
14570434397644692400
13509856926901907562
13633684833870754797
2336231216886275350
6273441895288871007
5986097737045794920
17540576212016562761
14898507254121240141
17089247678612622541
17888650314373474736
8875369238179998121
10210965104746102106
4143970082213359738
9340426778728517047
15789547629840782257
12317977571380089380
506380332628502572
16381383906032767431
12633521618522197471
15579424166334859452
12381789446142167894
7690903794212355842
9874060104675207201
15967893811959475640
2352269844378289888
8369197016551977238
18346198828950026699
211894133660067455
14867822718137543412
12365937353509261912
9405177379407778739
7659183919648381889
11768279628689374447
8234547443588773796
5419888999096584884
14071814478827920141
4267114588508737740
1988533548004294583
17932731742093454534
8413629911647992488
11581441651743833281
1525138681589882098
3347568170335543360
5792582395710616819
9102943218768006552
6576802385130336682
7462925113299257320
217881215512629854
11841124234363279102
6281333000919804124
10975443857818591819
14887433503651622540
3515256473768430065
16271350941806841065
5572016910630848320
17147406754719844434
17280253595938729492
13220664366022051270
15138706888771746274
8522532814936869536
7135733674051641395
13427232995114017430
3917465256422864020
13540849255395092139
6560410327802392751
6613070849788127479
3031994561189961250
14810777045687868403
352943714582285907
14706378417101960866
16304394596856082867
13912837886189185076
14673057862851259170
15932658943657073219
15014203273884979983
2495582624357666977
15730759730707075229
6603894921130452664
4439348718928088248
5182176248770116872
12905683765078868621
1266646232346808119
13237117861161067608
6298706553259521491
14336962090319788010
17211019178290374562
17413477881117682783
12396603243699983784
5321862762608369784
5717468842236560814
4769718105007458747
15001166727779132933
1103099213563401889
9293810621722683340
4550067216383290334
9783389253481865536
243686094426045806
7252942482238756630
6959311983634213546
14638622514423342905
18439922838854103634
1354622349076818950
14426427883200110095
11019104767729378016
8267015556489313837
4285698332416984514
7275262929249752908
1084373486429908772
15086641148267432929
2714301676178352969
17355527308132767032
6912417378076282050
3367358836642066868
11082918268203188712
2081120018772685332
12961107918409406889
958832697641312335
1767716805299006317
13488092863171308073
10850189325654166585
16451905676229007387
507247295154192337
6969291182707340474
9624899431022250300
14084996455289362857
11726569534993865059
9510146395426056641
131512553741285739
14931893128251020780
6315902570771710116
14386027800688733482
5365823163237085999
1184820127949312653
9122336568082415729
5248746987131820268
10140431901899429971
3349738481534525296
8383741147512503273
7464045515360315550
205009701197569195
15848417202120110844
11070135358961620078
18137759458083026065
11260370566024184580
12682562831837535948
3636944320022824899
2461163548477591467
1521424955344267237
8262276372409447201
6937026394560561632
17920051141760000668
15825124721312189448
6659046527185883195
16208483051689886969
9804710289597909118
7284749775681256706
2953021198075664050
8973086579055789008
16470507302276897129
3679966651216992476
4998465658367713498
11944418850281107346
18006856264448446017
18159142830356771114
894172181021560586
8190857047490971313
12020220051071865166
8472954019925073132
13614679887088975913
7097686069796989240
1734035680608827088
1281435213893834129
17600163454834668877
12459825780873349125
8419059136847115254
16161180568660965560
4937421261424375104
16799278612252858088
15930962276119477083
15502174503065491900
14633193847107265687
8693921602936026644
4820128228791398784
12179922197488531037
13968050022575446540
14215656420551317245
876118246584190668
11357027353495659087
16851368640612810175
17927059948143067993
17895956393202574562
2088678022536593287
13813293311773901661
14140378951867898080
9865577725902382067
1379925059638879259
4068455872656231199
15877350992273447411
2122451139771619759
3027946090057938791
6676944338017154824
15088679821154516302
16500609780266965364
8276977208589727850
2072285210911804571
13923134539641526206
6020728793936581855
13859454917989063089
13345083592954587385
10260870178799604754
2153196355417884049
17204195627177893733
7779459441510363672
765563191644688256
15168672116852622641
5005633788349559282
17654341878475389764
13505967705952601814
3527015066632668102
14039867342622166970
13248138697966587449
16393658900988616417
1284226909417130963
7344937305382823285
4717318390816150757
9885040206302408837
2213761575215706233
1439143314006961109
13926250019190205022
15157665604188174259
14616049209893602677
13093732418190991080
10639518507599983473
3828417654584628498
18257841969645614208
16922546454247925081
1012505287700691031
15936845479455456571
17295490934145495719
13460860607584347326
11011029796653793397
8338635830467629001
3753611513789464927
5502748208681349189
10938843196285671345
15099908902196457781
17668999114779463836
14674156118365386600
3930543400312250154
10560068447305900714
14322324508807233855
15439754696303523786
16124116618696352784
12985149522228845269
1514730557072821665
4935354580511839834
17242719570575636252
11776033606674228966
2198629525518769401
907766742141479213
6116111328393825576
13536920147466195576
16999849446101638736
3077781020848678315
6480588565215735251
12674891658141213726
7438197389008923037
10741852192504342942
17433997102158674919
11169583500466548658
9730543077048921184
3917843972807652922
8288809866903015529
4362854295479457364
7710366503425574796
9944016626754176777
1494883235823636270
8914086298800940054
5180795015801262870
8937037504585770109
5196380150792105387
14167047988571418399
7617633098340994189
10730213467444890556
13292407069265507570
4616862653073011389
4277989166399710378
13752232676659146906
13993980656308681726
16027180764201503974
2429212198892807279
5177169781808583362
18269135484499578279
15619813320149709491
15744969668743990017
6727467441445964733
17299054377138790230
11343456752854347575
4033021943586051885
8842685124443202867
16264402660396750657
18375949869876923799
18152269398306969420
12512834290684502058
1529223955216945420
15786306691928798428
5166543756194646777
5808574330197567358
17811471552121614906
9761156312630592480
8432383999656966438
4030606320590143601
15205954880005093237
3244788833097452581
17254079227425623290
12681680445084760096
2259696288451841434
18232214596463901957
14244160978965131909
15013829231701570635
3463283315280702382
15250693305464573518
3528037763848004137
12261408643607125803
9846963843391984345
5638389309151288692
15906413126756593224
804099005188939476
5497344391089977087
17211178303044487359
14407689533615528273
15010770444577578502
3487044112883255520
3065798257727124637
16921095161685695805
6753353608548778709
6418352208249740883
6892097127722426932
14218697930012306259
4931942040299751423
9609859073206412388
8568064373127303240
6353672185778663856
11631248377319507910
4779094341216395592
12229643307874187714
11791045691640413130
13505820659647933706
16167021040888959591
9892067065373196343
16034578018659038261
9646524502210238281
13263388341576276471
8622680639770402959
4643299920933297913
6087128050881998897
11992032337271115613
14591040809370439495
2493494244609953705
12054103827044311666
16094586780373653002
11647395785446480071
375083576559698057
4546428625061129051
10042625505479131027
17031648069150783845
11121608271593122623
5349353534517049518
2193365974250728444
16068552427518966562
850906241510362120
8293716906553997865
7605818017980207754
7987541827338369376
16309998219701004953
13088363888281197132
16872330486156638461
15041983229866818844
1373993692075986130
1533554220477268991
7976826325907040529
5737093119687723828
14234066410027807023
5337662953231003348
14929823340373369778
16893349137326076201
15537047815374004811
3540585577745700425
3441313187762666594
1797133207906825206
1405785431988038501
750964545729230549
6088892931324506030
12210506258342742333
4659638599716539022
10421992440518920934
15852837613942881428
12396987947150332799
4538457789418931033
5388571415746869860
2786046166671895384
16772746851571975118
1636172101746950927
5683160017211152531
11377098404929907126
7483282910118463808
17406887945350580926
6529667532828657727
9293273965224661502
8295000999064476385
18003859752664211217
2622929385539507264
7639183936044533998
4288999691034112239
11680838852653966763
14990823905660437573
6087103581760162781
2311215667635387435
10015915901122608883
950814307605589584
606888866521078000
17103648391386970464
16090106173341980981
9799280206294217454
3619429958307512503
3230107144037757198
11809094427595135685
5277957238389729754
15974665917196222182
16790382790172498225
14908393691968310754
5174719903237975547
14954868828689383708
727594605526654965
15995209700111000843
14324281583949284835
17311264324908121003
3732765054056042449
5000504648523533636
7982643349444267209
9069610285586773815
15968090361096381087
9830366494736300246
7149904827858765933
9019134953494929160
2461231796770070803
3847571874087493274
14372107945852291468
18395495813339152300
5249996509409986434
12174462991625744467
507500934142994683
14436172337832762783
9425205840342169125
15959033337881856581
3007764229532647001
12129707023853154011
3835624041098370601
17237572696511789258
16999982682690913408
4641954495177022777
7079967573770119638
10073437640340909985
4997531738813826164
14766130120718485534
12060452707209922396
11630872328003017471
14752112744383731536
2020008643991250713
17376485509189864250
10064129416087026086
10254616361855308012
17080817891001513304
16421450557422633634
14091216771652869961
9099664641823060540
5424506585816974941
10899083798627867191
10878671621066543577
12050135325183504574
5814327235017164585
16164327195597661835
17467058547490601379
8318889488501148112
9045683197183633647
15504786528633821968
10711348944666918628
7693184233774528727
13039364527792550146
5118613842386800702
18290571384820245664
602618158151856572
8792170568866184397
7499322548892904550
17622997915216432329
11637798939591915207
9334358649002155876
491119677193629257
12668729079170898653
3666238166646734797
7715991221810129375
4500434455828936663
7962644644221269156
9996146943116553996
12790022680706031656
17250671344741586355
16645161080462274498
1308377065103853945
3857039412039874816
78769480406934623
15720829059012244269
4896349960926082137
3805253185346688365
13712177812109208885
17784126262519536398
18153621093757326168
6941136689244239482
15344044318240082222
4531817067872633001
521107110254059514
1393967984114782058
9286912047314741727
13604152366549415678
11888607513739988079
14314154015659676821
6533242269563664305
8822615217988273192
12885306527409081031
5252271292660902826
15280520373929616469
7543030513809572788
6821380840868337955
2970270300517823012
2012786618178872359
11220937024987315179
15235925846701794658
4202879902087479085
12586652206992112042
8766849396937687340
7318943322643506710
8008409518446622309
12478724018150787075
1890741917759343186
6326235178763933185
3054104927938260728
13471514087711883601
729281048388655522
4546976525482763919
3740292307258223428
4604190153774799899
15460584497015743177
2600666704371912747