7067246070864818587
12444989390159800654
9378379670413424725
2520965223512628234
11746589254219562772
8414615364487784193
3945367512640422510
18040925390691994944
11200964811983914117
10379105977164835316
11558819510432382460
14338760804153336594
17178022725362028872
16876365250406676539
9276853288033781693
6844008774169744911
14145963099017090374
14458797513773200416
16666849438060399863
58251513586770616
1548341979456214757
5938917211234327372
7514649011080772756
3432918160481944881
10119450578295189989
15343544791109908390
4987186823694787270
15267034127606404150
17680532989933233872
94545194736481544
2333069324452076134
9277859303427845004
17013087998250222734
9317105462730669731
5792472463689692624
15785592127190118060
6747666797822815987
6309008572431803805
5229928972768575457
9347259765418318808
17320524062184071840
16767934309564085584
13641770324485850935
4793835995656742740
18327109003708637537
10697158880740327518
18328948888627111756
12884843430499838745
9168483554289886442
10056499261756238413
5371806587428260226
8554774293577636034
7931727623540802744
9635861215733011273
15262905420725087813
17923724298399820995
8965572691767928245
2959807153597917341
17782160079710127305
12513342137406053568
17279506178261304732
12993148344465823583
13882241300767813286
1895870053987518657
11319108817960818256
10233164191204515086
5925591659070640733
11574699179218589029
6246516049011422254
18248375529319446928
17598511812554730682
7826575042174712128
98404659926350426
2973271194625915241
16108069638672953189
17712785563677455709
6734526769295573875
11455607563054524857
18138678054682153630
36582990924981508
10974567948393640501
6707215766209897062
63897184451526994
929661020969583421
17573474983872513122
15100676271640538142
16307571276293673221
7596561241019298772
6015415355022424574
6628592022828337433
6486302975127886338
17170030637873241577
8883252256474674879
12097620566100450623
18071036311048958551
6578952384827233623
4991511261544413291
7282703431638642761
9451907053233724670
7975707791916345099
6573424738969264874
4186371339418085278
9062246267136419342
17547559766862795559
9130819528749316661
774077918810886735
9630553962052905592
2114266028243341957
16398550364955983744
17218645578204808493
10756228363850079585
8084753713557240809
17739682533329284390
13623377840654777166
612268449807331616
12848141493470902051
12794845102184852990
8664471834162602790
2267813822166887180
6310428130724014135
4258452216738937662
17773914859494365117
8388466663293981005
17829073734641040985
11315570421827203827
4744954870025292534
1582739162032483592
16973128459342595583
11654513065490705746
13109487397474522744
16595910468073630520
3442787281696484372
781463530808817195
13223292168589401322
12399783543243758888
8302109623422204563
16053271860822196370
7054255589940578259
6575174494545648185
5395166181871707732
9882643648524594848
7780414961261313127
10096141868769752557
13118695864608014312
937724237035063747
557612302358966876
2438073222220390223
12339704543529592886
4124140410702104940
17245927164922730942
12906471234419935792
11572372634984326626
13923189044658492214
9366514938782002674
16565821294127985088
13864372223550741594
4407487469290314995
12977437344566128726
13366816688546814498
3209368051333382658
351712694775431603
6280215969093670436
16967507295915575674
10664665649473559512
17742408747102320208
7375961765093065766
11299946316280843541
2268294983323128953
8591575901310418875
18152842802160543633
2096654024633908699
3809651044521044413
12892873494410709157
16303276895256313010
2364870067857340447
96292710476672157
7353162985043514267
4875323859318974630
11889371501589261685
15401976232069940157
3767771031455789927
10508246467865605696
3002995573736434048
4077016970975958460
7226404038320959385
6465856238465396017
16406288913405989365
12988242535402246906
2566752739724804881
12926927254854456345
10341006289556892829
1033162056964228670
14993615710637146295
15358152773593271811
15405537081357605438
15374351586082484169
11475057499317750239
11091367454911734744
16214478608940375752
10373672861515664802
6995216230273043661
7888250105456622746
13644200097927081621
4384389115766816942
14407980495370701070
12850573086856567616
437090766093909780
8237647994984016809
13216539556566429969
12483819337107253430
10584497887657166711
15795947035320813196
7257479312386725279
2777902222425662280
13513743834365724210
16640429693104741997
16132594764277452707
15754255638731354987
17757707865702682324
16787475290065977360
7901921875760534308
16014992868563847977
8239112500734745109
15474936862295696146
16784429412055320718
2366431959335694759
13404034629742609777
8196625275654969367
14097043898777793494
13327665821897238575
2303634358106195849
8426781839562195929
5761133449842901946
15196783695415927721
1470558957607940245
3241451674631099590
10005477157755662873
6917656815441609658
9131556880428739441
11881708133405199977
3632019930103391370
15642160874375042615
11660235683052780253
16883941269940045139
4965917185713536352
15213255771032368856
1082263340058767297
4691527693925415797
4389744186647926638
7854941869162718900
11301880154382158727
3977228870524576001
6256238268690618927
10873657831425919185
5551546510667086582
15422436779100554644
14923189648209500974
14543300832296410241
15381352853739650064
10414324003506497735
9998870023421990606
1332590351025634993
20807498129274840
746467385991361102
3471270290054473924
16419620738941359175
17364353045893624472
9262246091025743025
12353223642050117410
18424050486440844373
15802841509788185934
17699934259569078168
183577723390119723
8075350466435266739
16422953292325970436
9256729755621732061
4784234812635434705
12854236406265543009
4238800004186359300
9119933798265831922
4286452740482829633
4028707142017522939
12584578138720417649
3871389038708519565
2176503791154849323
1708917699494944766
10763912478356023945
9220612668314649595
2014814374116703220
1678479885876338509
9647447545923465910
14372437369906075655
6659092042888793167
7281374277888670935
2548554330238101720
6215796433335767287
9126450954664024930
11534134948968183135
8774543151256926985
11174317356560875500
16859430653397180783
1466187465289163488
975058142070469159
17485391810277623559
8322746719556381799
14149583027521338468
18409207555221561662
10247112811575524692
14340734109144028860
9855407376979044825
3747644887816266080
9660953679775070949
18383854241719341819
8591659270811834352
2338832498962488055
6057022019303883526
2621216472919900430
15472419893545923962
14327680918409558568
3181760644519194532
8637476347095993016
5603233333567431073
14420422742053086143
12713569608755239642
17553514277983206417
13365100231544941762
8365167964453703798
8927799244500135299
4676848604587651118
18228706220971419056
12534959415785104088
12850178249818381663
5130526308461743967
3269370108959783631
9561369871586788303
7865739126191844347
4716114664940935778
1095227791035873614
6892889436442459898
15999968679556919578
5795205343266651389
1839305308561890595
12519883283556724649
9875498586570388160
1417032510410792730
2630505972555344370
689125600952100157
1729274414881428238
3507845143697552384
10998626026513498201
256150304480358900
15467820248149026333
18176638938657135689
3006333953024774993
5442170897306236814
5812923865253653230
4473667126868851349
6752688160829909867
10008768745414564555
3312747047700628119
11316059126603919353
1099216155295582007
16760020224133463487
1184849954749874106
4348754387219663748
16377748405438843912
2304836461406805373
11623131179031045006
10597453961036337716
2037066894789198835
5628605711664882464
8561665989070621188
3554604760695217863
6405370635767038121
14013942937764390594
6614670704482373317
4405609155018262950
12527363602585248984
8053554678486928791
1824236700510854433
10661804414666284472
16259260073788398426
925965202416007628
463181300139326428
7418007668078427416
1449493117548248197
15791234974585582599
12709138237678237867
10142223086258872866
11975720088198887798
2424712462892203521
1727587755409448282
6424910747316789282
6877894020458849567
11734719501626143343
12509770891452743182
2898235616281303707
5323092839190912221
17457110803394288758
13014075386731882544
10705507673498596943
2712475212382405758
6000408557041826393
17801295554562405505
9407622539566080610
15427721772827994694
9701826742849959321
9412421608256073014
13490802265157629138
9756789453538683253
7466384099367132369
12519026914442342907
811208532483410150
16865729125835707585
6474105187827944441
12113511155290176305
13830767164848330555
1829666301688936614
5297379054342805919
13347346647073932779
10573051387474382994
4238869278372690993
3438894730190515627
14994313332614228684
6947893241134162972
12405313311153029848
3233838367968957596
7847699137708284587
11648485781725349213
1255411578594435932
185058619703673479
18082905672047177833
13689959196456801170
5352004416831126370
5998627642265425301
17831083691867984385
16772255354334535832
4191678033329819653
8374975345045678840
9154228428957344090
8417217244220942107
13729154875449623791
11964318544589529015
2731331148779107727
13261901172949358525
7711811212790000884
4425782076804113469
17324462614184362356
8487025553045627705
11960753165275728994
12514405890652108054
11717212631139413899
11685091707704432867
2672090524864403990
14744163727819375698
14068953657287331003
5541393466948070509
11321287858068710168
9048617023379875586
15756928471322145691
11113056120133183788
17963943096915589247
14652063797232714501
17703038747437619243
8387546598867107105
5180566735187364639
11835668939727842905
7103967203964691034
3239615661131227829
583274017910697161
1749705508391506130
13349504158489478826
5808596576472925027
9766480046172082722
17242561245617309983
4936789141699047825
7410968906741323106
9157869753316722309
5028950993460804482
6719575405407147306
15555708825459356755
1758433871399015950
17290219940678574077
7404299723122200065
6006375589309727989
14199457175450427199
2148292753317509161
7233019614892686890
9489219371587278709
13681708976338285769
811556727399445994
7379043894150498070
4292471227595845245
17728233161702108077
2586359404435939536
14897956379600194030
10758070150400223061
4571672467803158367
3892628495863023304
5258513023698283761
3602126143320494380
9980954643520979628
5113758562095842168
11957225317705092214
15289986104054886437
17433069371801410759
11174923327791971214
12980645355135084349
12464960449910600941
8665121161243889473
11123483275773265085
2517095347347647341
4736348954806129962
880431648461669813
14394064087933894112
14537730803338269139
7490750639376597028
16219333744531585120
13990032504933789656
13708428840106005398
7195839669772039888
14341354644108913022
666599964608959905
7539964290929436051
8545250454461569147
17391095414625061809
7248288471820651771
6524050852284712537
7915352195311685430
6935394023087791145
17801255254630811950
10469395470728758547
17793449385207247666
2547056449032512199
15325342403152074792
6830540532414844309
11055997244732702294
16926602356394831681
6633925999695169387
12016063067143897475
4344096896973019927
9480121208278516944
4420352893537990782
9500752729774142409
12567339270971619204
8145602828224328881
13963900044776507430
4855369344392321781
2599160083974175258
10971156152790888353
4462514985942061183
3737371932382539658
18030934074204138983
10975732625597356926
995296930932141923
16826037989232177367
8019267875948435368
1650521809022864886
6680620387036958457
1634876190399730346
15118742643784763286
10309079765962278877
12574237125633767227
4649973432917895385
5290342921540732369
14800578833285312040
3748604850605950870
16400150249721557786
10755577987194681507
12823820198543053704
17434340026281180685
14823087683349430617
15630821317903851170
5611389305591316120
6669816517146715744
11124775594797603143
5078635255239038066
3500126034489900913
7567462802700664130
4488199017147685489
6501685272191860604
10558213670632147757
3878269497295358830
9213212470137957214
9012612209636504852
16827752584516844173
17739494710470963440
2369448555776083667
16001893431635797760
6197569534020575557
14550457250876658218
7744611374434132983
11510320969629188073
15453517175394451548
17310885758269071044
8025314342548544124
13476091614346083871
1989125057527320485
4383181531556610433
4010609267098217225
10899469814202908788
6484229385910066995
254245923667825629
16778445687035231698
1986833159808072415
6788281083028060384
18242031418711443767
292158762381693496
5463048322756026946
2529735492660715602
7119500341274155268
11510002097234265588
10074659236387692068
7631506734838527269
4471975106021499051
56618203737910645
15149937982996959286
10050199361150043001
8122651704949826315
2584127262022065756
14916472052134223449
6643487984487500387
14628439432781039471
5456422063665326727
13032676949802021965
8365810566608511202
2640393854092174710
8691858936692170969
15070146519994434583
5954859837660869947
7198237687948556040
13777343355935962162
13767376522453500234
1902880569639629063
1431744424474201914
9185247461273554045
1315826896438572706
390250747513460066
5892678875661543682
453186397881273776
389379634591561785
11091388850591004685
10126761521443934610
4607448105230993485
4783363290084831084
15978751508744380901
6530325409656768501
8865114161526360273
14334290974682685040
14676383282222032072
5314459575495688842
4498882522278252877
17135776713978473912
10849864635398386851
16980956428770637671
13843511124216464232
14823426585932411274
6436515455657926252
1780263895065129406
6399354688328006659
830637761735282881
4607841488030062446
1240220056860080458
14418299539755551022
13760633614898296824
5781484940569950080
6771798957077811247
8176658949356735996
17873766249143975807
222475394972862224
9523821480819498439
10313288625433635729
5478388148264019339
17603566162537095202
12280516786113118789
17418481696030915532
8235524706802397238
6173843686932519933
10303255371234538990
5205615263487835812
11026023951742693581
16746000614651867759
7797390495371769676
8501419712750933843
4881675914339495691
5835661164449155032
5655422020947982640
9872821238771280128
4004300006511222021
18068087957520787567
8030289472719739290
18317858376383789472
2339587990663774747
5488520931894094315
14828861726824556230
1429267222595287695
16767640164530228236
88919023257395158
10685336212795497760
12451095316169293724
629702657259562428
13297574748604336099
11645413686860552296
15572742037999018981
6170991599791075496
1077791357680831944
18060010015420993578
793606464834280600
17725176951461382004
537469279924498128
987045333590794856
291596039035268447
16664612196316817872
15624794876560446446
18208552811235233378
3690650765817508758
14725280021630849580
16877595462236496407
18103777289242210349
16440749329750231573
9309604783760352272
17323944825914390892
6578842443386715450
1488349984893555080
13550484746110342930
9651367382962460185
15700754960287419300
10648093776655550926
3755691219779385625
12937132742303086165
3617679823282965784
3680458153777055245
13282706949977484375
15911238767347805075
2060750227713403928
7468433587614820783
4793558454747643963
3246224993609366048
10904529823589249221
7393980752118424276
5713827585798033742
2041353020344054601
14858612956660515906
12034413352463316090
17483660980631330224
5990177789953332481
13057188884593671933
10746100246142280025
1619339907433356920
5823678658477970843
6426553778790374699
5372840347734010080
9297220455153876392
9966851250489506964
1112898070934461360
18152735363067687629
14373691033607806376
16003798925750898204
9063838296734602789
17980546490721325007
6192176382362897134
5422708931847528489
7536171627788850071
1361222606368446393
929428269682025194
14455852172897642532
10669213964513998584
4907318419552579336
17559715940979590634
15344512380046820488
6586771662696503075
5392719107715280773
564119612279166911
10893007576576122507
12096846571534938570
6149007365729196372
1576870354022155950
7540541462451188755
10181360399172603706
2141858569476095086
10099017170288338391
740124386235082817
15956434931031156759
481285927260994777
15498741289276990789
7965984634393907767
6978197288902305032
13642833847001337391
15508847350215552929
14906641922817529450
5410683202409625883
7048004352439697569
4893438904792062522
7832704119384443249
6307431616342792389
711412840408815408
1258004809661452114
1414411708163762680
10016372343198920440
10656931128929992667
15023136207737107211
6158596310978632296
3116337866777129436
1197669083905664523
506706534709544882
13911096451655622966
16012541362240854945
17087204484858271566
2799683947260999675
14129927703195969394
13806403612584655680
3595743836430727234
6774472720489201130
15312396193653021947
2656431018350339666
16532294057865220817
1205584336799894777
1967190146094856081
12031147407855660082
15686028914927149238
5069364266008903339
5871387593794858175
368391808034019218
13063133017740860419
7396126939067092854
318735219715976691
17547065686725381150
11343722148715593841
15834734714636178086
15260583323304170002
7809670615214682821
13817564841695573736
11394043310362650577
2444129330475742737
2600938373045532963
10141449016835130094
2929647356515774152
10797186070813896965
18166086842001106218
17824254908499750684
12602195739144830991
17079142394579113973
2862814718450586294
3244695126103195435
13416857345302165789
14979515124662779041
8115059598820305849
10281825237524422404
1836857284125920165
6991341813834961029
3371504344409698496
18430785829232182881
5378722770794078787
15050732167296941274
2845761045780259764
17046050246778413850
6976193162221006789
4518339061202675297
8809371502251045117
4211035310549489088
3587697617626188793
10043425178452453725
2153855221228646230
5868592798095763719
3828764995714692671
15016762903409122736
16444923382379031259
9560365898885671421
7517470746101508739
2455770844884106534
12979958740155969283
14670074650141891294
314663166432451405
701816429887221861
13573353705093825894
4808203283962393792
13119892016300559545
1565100243018150821
6238667008864487649
11682397716487128052
1561074613463491974
246086159249744483
17372902161979398923
17402347762306198353
3403558450137243673
11571955022566744880
8134128222052492514
731764360036195152
4610036585880269374
8224639291430385811
8149010225532384118
4634314642102408252
17916911196334486757
12297004626187294799
11569569695291671769
3773009710922099692
9866389193109829700
1255923904607577290
13059068195220914814
11121502044165906643
8518773778737468496
144895619210142573
10491126029445778366
5862140412794460710
6663591642605938034
8200044892572925046
13548797797128114038
2221883264237213285
16501152228649714062
3834257581984215112
9060947268992703984
4653492850267020815
1523539966708835064
10887925315681925361
7734125650980586225
1956994239160162201
10342965779357614508
7053987361775161245
7820520763525955060
10238778439026084893
12934172997869990035
15816932578488425782
5119110711604668479
7548457939905336968
2176974211360181414
14687917233886281179
9015863721374140464
3807228341584845057
16734154031962371216
759133695828197754
12299085623885119368
7586616319866978814
14973675880350650109
13664002149649712529
6209372793709372488
11035044904618173675
8046725653842801489
15137896792076465197
16044078883201593020
4489230629371405531
7267359599919673849
7970753725413782716
15746745081889118548
252323259692171895
14141898750600883102
7754671930736029520
15737586549062461014
10289120120126080020
1271691699951001450
3307142138432423011
3504968895120554050
6758455311177239120
6450374136811471934
13004264171666986610
3566544631805482135
9244414540106548171
11110606613702170062
10094883744980596838
8585363432197008728
16019130809713531262
7261160419809384522
4822157392995502205
11431165611300499165
4280059207237352463
5257423292674998497
9958541384489668951
12218646709325028246
4691554795788302623
14917056442702500200
13395382516296044624
8072870239982831986
11726803835651360204
17661332306416647799
15014642376412507688
8079212115495251220
8380726460298522439
13008445057147332880
17213922460958465143
2724977946276731330
6641012769856283331
7165529357878822866
3287821826718074484
10661721462252031957
10804504966114476183
11704908304695845769
11335784836455889196
6198332027588149731
12491470536150172656
14232468977567921957
15756434734839528632
4080375536211541286
6516792147695128139
14373033668273244944
7356983950632920018
13501072270193928029
5532419541787740701
15586667627469044624
3444653063210859256
6772935804809806657
9325559963464560046