7081041774715306999
4695445281135155197
14797346463511540852
5421130364337059855
9681821070844649427
3519734542707506056
9986428175919321363
13701758746508282540
2240549426143617861
8423886506097902040
15199398397917263119
8877829605436862313
17689794157089719211
863733654378940931
7359208822646100743
2958120238944546449
282043610928508047
12417594284967226909
12075735449852817619
5881310771578851791
10759241430070882714
5486233149853994407
11057387024215338394
5776327892809759308
4498991163824814607
12559790102015340337
8725996216336686161
12741560638145105055
4744847771165452569
716757393002127915
8306276821850711817
8030548103429899171
17691037476677383760
13399733932337278773
1979840369972642234
9614346365249808370
4111677667789288715
2722148693346196346
12676109129040758262
1132504836299032846
6994934947387617562
17267113686966177853
16070922959009944466
7766534206333028558
16951678344402085400
15113539087085051911
17719377279552322044
3836768469742788922
136614692284162071
18151887182454853879
16105799034895123308
3170812209797863687
16909209548975097262
5959788539500171389
11528668208686087222
2919265636114321658
17014971699662779471
11215822052991279657
17425718129558564032
10704907778273949059
486366542922889124
6417395681442429229
7700508162307442582
7718516434750932579
13390511932814611602
17581823527472257088
15377717710644599320
8182537523659512233
8634577178034785797
16778038643262543016
17102805004749935300
1423395234208141765
15263173763015649625
5539729137878919904
13669682540376336333
13586771842532849442
16618163948668671547
3057711802722205670
2792194544992998561
18183414124764104477
3817100988183014368
4617624853596463649
11488898036214041301
16138061992110780285
14251768669548786069
7278826535217447617
6990996012720466344
4112035062703085083
6343031758892235094
7495922493350476121
16797748928882422902
8261925825202629639
3521894158054169557
9227330824656449900
4148589001230108871
15318703282320560125
10549828649349248908
12092318064269559824
3446187262760003523
6871258894455113961
10292887752083862422
14957987792935073211
14387280729261527801
4835630807756187395
14813315805735350316
11689032355131879828
16626259504937008813
5896867982412238960
2515783377204279999
11455934867222137976
2941010482064989249
7858961460341899958
202767992342277256
13808955685168102791
18362800916766034715
4163805255336370888
7517334338966209654
1030844549461027105
7150514398677321901
11525943674487324687
17132406585185761481
15072506353265200016
5969118468395122241
3157695378161542877
10994060008758830016
16856331450519779108
13354654488391273751
8661462283931397824
363710963951870803
2686556563173525427
5088020208875997209
415966388972611724
7094331861008207809
4488371416317536643
17070468173256296043
7814909701383283264
260545362733299542
12585745290009439474
7352662528133111034
16311586418810620406
8476408814487977440
2982480159683466989
14222278468597212255
6506927207700051846
13846096880789837932
6206945765269221629
4527006846845054211
11233742395462536197
4982851287980625572
9641929378067188443
12469793200315640764
9962274721056114190
9138473186214648309
15440792838188281579
1473226811108052497
3351081099619866389
2181194535331925173
6426221786922144092
3798047985870271889
5094543661760821298
1851936190737490180
7394881557272484335
8747785876934723264
16938120884308940583
13221516128519832351
10597801638742931864
2603805796652879208
7548526176759807757
12247163082435072839
9067308416034794100
4753154029107665032
6774156908819564723
1477201756425334469
2041063919484894616
4155048435081241810
15765078890973039444
3396357269571999609
13985016668806189213
14442623911303564009
5932723704945524139
12833268793827362283
15662090300101185738
4259251747554158011
13602693252686239157
11181460035621138381
13912582268783247529
7891547503494688599
16426696928446725170
12901566995565463884
13408041832991376421
12339952793659852364
15061965332885935476
4031825935099445917
1729732867775775367
1351007236026610627
13670125812285120601
12499430463392277305
1462726879287172286
9188718062159748477
4066150361489879842
16802226901925763027
8537329262380024562
5345794258741686838
5918427519920035590
10675935924788911485
3900774062689806192
11660722411030787173
17016062176020560002
11380918873798258617
10853339952387660078
2056486242437757594
13450900293538407887
9389694213317114414
1898874564064406662
6602594867460037832
6843938802153086914
12409434110521286795
6799011540213382582
15099443552210249053
7064306876402390440
7219464962382985328
15100400733782378033
17108841264502040503
2827367633393459317
2209384327712878964
9676336746944289043
1630269935083182913
4788740282643955647
5956511970921465934
15857936921063883295
12365173649079944946
4058671436363577329
2838871530863773299
15919674740972896448
6166741482070237639
9916173205958256079
6084959146868292031
587484748286195390
5861534932286854596
1031634289498274019
7524650795799874411
9143036051804997644
12963144519088620313
9906252562224938538
5707686759284787396
7997847434308097337
16717159247033966810
4588930249583549092
4742405517754335709
18274254219479159485
11920431470161141141
8498709056667011245
4776181436683839733
15377025680173983416
143492195579811788
13052245843466385610
4858748925420928217
15692200191744291608
16473156671527406486
14706508488554752415
7750858414461096726
7385579123641496115
7959550786823451103
18292693551507531925
5479301386828587305
13499354942467142546
11144254989982641411
3309615516449390309
5756055984015012456
6204754015648634646
14250699507594383817
8681082368021561703
13959766273624842319
1096286586115619365
5191602491195595511
14907002962880114098
14517889003361505903
4774564726884049935
3012330794717736572
8064674836238054340
1943579624490217330
1001096844820641185
10827471478679316348
1728826301154439094
12271429371701016034
1416588351501096826
6090513776157326159
11009731004312326197
2147759605078886209
15424296522973618348
7308343723777739952
675008863374547430
15844435024837208476
7904314179365350012
18442878312550797053
3704941875083649020
8904181965269896259
14151937519326481385
11501405202030010366
6486775731234690175
11374522710670609753
17897897872121733700
1047621109187838829
16019355996694774792
12847708571911045564
11318459618061518299
6118174129995715002
12887828399218193069
6689144586293238719
10939438836218638724
15095159341418059046
9386036949540339368
5237855822277053668
16006838746597455021
3001948035952556251
17056576975151945496
14280218020167353556
4599257140478602637
14045741283725758243
5353093897629776964
6824137469921136146
7534580949481095920
15438581392313647252
761733681895901583
187119197466684195
5457053942560766043
16529620735668567575
11579925888474091927
12681991401640536324
8356374218765293773
15725502930142415454
9499016064235088782
12219292539935833903
8364765431253006602
1579491068493419542
2266169389063362327
4157336157476927740
7259422785055252033
5045213791505009539
6583656617663378772
12175018571521240914
14862824960153250521
1517419490656202766
5565082111641285493
13210534418793555446
12672819846170048027
1074739968146128396
2620490898602982130
6477986777777196031
16265770638045844303
3250809334270774033
275519106055627040
7544346380913846841
8427860319249762954
5946466852167174430
18033237890437056428
9008767341743016547
7377532634700803579
15059402350040311305
11406932117639500098
8526114573800698213
1844145680219061520
12132141710288410384
7773611497976807883
16896695214719885490
6141357062451040313
2592022407043400995
9373335839499312999
14172151260033743989
8979802162174241384
18274387973886739291
15508970061355764245
7369679314455623624
10253102203429368484
15621610771605337702
169631632917704976
8554391330259805093
11469738948761144839
8233315146270537934
1653881906846458760
6940611826950626857
13185563247369264163
14012149205575394281
18012129245489594702
14966687979573827615
12716623640020420384
17405386050713419067
17887517381007099571
262223783436045161
6128537552598602955
16422666029271358921
2035884426901177339
5260764358742770195
12362928958521970869
6647028523045839879
4301792240257925053
4710616853000921105
13042946931832300927
8843361804902743611
5788225682710422557
567808792684808865
11673286891881498049
12831372487175922230
12908938588771534217
2662679371355365747
11874920426601373561
11825005516032399786
17601545352895619189
15379523909699204378
2304315217839287629
692936095624176515
3439074588585541776
2285926768185288036
9210615923958024476
8989215564660640313
15636405869014358111
8912007845220070241
15415927296617574308
8721819767673593096
2415015863114073660
636424076546476710
11905402482128086979
6113548261436786772
15204970899972187109
8944663838087803221
5332767669687108019
2249356691030506717
2909055153633871600
7339065231071465384
16860009365611980753
16814160995596858921
4531392819222395551
14358994587494070713
14987660591602205472
7590873484893384966
6516726475096060088
17590304534084457858
13016490700495270215
10110537066796122625
3633986250848004790
2804300033507822767
955391686948577110
8485904855238245271
3039430473981096585
5212392051955188161
8463141928136661709
4554122782503585736
9569397589978843650
18371448113715987522
3487716878742592959
12121334935029709285
5490347370478741254
17650023705752674264
5000915874963448751
9516873029383363211
7476497358479136294
17793318132669786231
567418531437412792
1079744920072368396
9670686022026264293
17370441883429461457
7915911439563206662
16077790374043083115
10029673654632908903
14718355589468173897
7755524777771628868
17565950747254001564
7535065494491037876
17100876859017080058
12653008144580717377
5026685355213280186
1150970216422267347
14182638458730510699
13755389272095155728
3408830602514213088
7952137104347080983
17861376839339992954
2941215902881256741
16428645929568426246
6390142767473936986
14979867787661293907
13536346916344183947
14796762528440698469
2499626378990553128
3295884803964201350
12015509545695560876
5634419236668003478
7840547102330517886
17206251988498027764
15159334996397509007
5270095695139551152
13024743987875847732
3006802721235156138
3172238623080539215
17531135196729961138
3824772994993305616
5668067950015869285
223223005005829929
1436891667335171011
16101869877383704132
13222848845701417290
14034316421156974302
11277867503773244217
2591382695863190149
18014620229388340289
4092522593648252887
6215862064445115112
2404202261220740829
16713678326931674067
6321178443375370688
5073911692683274351
5089276694492925981
13506158202077774582
16874213836681257489
2195681160938008478
97506413112389318
11465547987861604586
14647334508355441376
8169558252681138496
603298089224177444
2100533055001819354
7001478996559393940
12379161046306247728
10657034544791579920
3804314217678047597
15175373092710867957
15833390568935148492
4189609862321002655
13086995348402986368
9498594836524852853
14459611499583929192
6219637120149676043
17469266470738196320
7410757310264250499
6503533007934835788
13418049778762849013
5786878443697572021
8171461334432265721
1189052476278894904
6641207152039792559
18165795185450576063
6270182726044242194
5639567884631519830
10892599761771193734
7109802354412616700
2453723354818082761
4550746215908976684
8658526546013659925
10844084552876741847
13068135892610846961
15506215244054910110
6010881390739341436
11481020298860389039
10378001312206038678
17405609766436412573
17352713014871271281
12931201613270748214
16424623186118264786
13495565936685933017
14778102805789621505
5845496727777417424
18321221885401003936
17264159551400831605
1517561846007944478
8382518405689536596
4349206130456856189
6956919691469394888
10201091071618116854
13690307665052087642
1644253421395353920
17396218779135771363
306421963540499668
12368209949006154751
12467149232435250784
18386660984471879645
3468465882159210317
9262477668071751935
6220560996636891400
3238633262441070208
11730081328181656224
6415748584814701380
2890732909050783872
14110762033803978955
5792757607484851195
2676584766640132781
12520387858796505572
15011981805761282084
9934058190474090669
11952823822421419422
4656370691999685893
3504162475995527837
1822606937388000120
3441846358147970588
15095853463375345138
16051973858647544954
11998957277113929766
15084157578657310812
1581491460432077959
3183896131121330757
5713193681126208171
16623519583489814934
13879308598223334165
17497370310604219449
1533169234037982345
3544924718345075808
14721464971564630151
2742590349334318503
605079786753708105
9097163452133032270
1624622585558918795
12526926651392246854
505957004610205305
17380912639537925827
5133772957294301739
2998814504658958252
10734104023951472575
3930577865156225293
11508501343350215578
4042342647946226028
9245875878396317522
18221469566986564498
5610479243818582735
6492331368166946147
598977409739751592
17729716827222887765
11539748489429248429
9084532704386426942
8419445282444520564
5086592759871918505
16976060209923135934
3751576913339160420
3995748047009071729
1431642582665788645
11641054831095507023
10480125077573619276
9777722365889435920
14710460228059047002
12508994714942861562
11481465037265245409
11245890023729241692
2207165830911941313
5314377103082359246
13887108369000721705
98792865098277416
3577776393451644154
13605613557157769332
12127829983069527229
11189818703543570230
7937695953665164343
11096993128135750035
12258833481919250321
12268444952042436155
6737041844394083490
17058506907636854175
6106268508725429142
3867430028164515128
15742808576928915467
12277794511409984362
17512938778212670971
3322706910425203070
1768015859414954489
15203456007994547815
10510448281287469161
12966836377960205904
7768693217261335388
2153171590937760363
1175760412698624980
10631136620584427252
12844162406132619852
5278296158258237312
10004348095598550365
17533710673671932663
1861403108601943422
3361872308372332913
6929926801445969436
3682054623406847610
9736148920327649906
7511616305397270478
15724443265527313551
8710357867985012969
15779336100104322992
6632392586697053312
16084116443855383345
12026508239533319290
7538214432538241256
16139295277376841095
9092114229412179164
8406075869434394005
10361014835086992653
3321291990267070538
7975884242171482923
16688622370578913278
18096992479182632722
15995451729816522704
7362863084753126420
543080927510663974
3540509145529629969
10058857095548723289
10702515199450467326
5353197235263626611
12213352693847603899
10430929787006801497
2876087437772238513
7523223369372040831
2052075072439783212
5780228798766663163
16084142183917508275
4903951466275983187
2403901826337104184
11222761028074349719
17074670682847862412
6917148837370120375
15866757400893305867
1498120822121630926
4572487013143620022
17491848519966307321
11180232825283256409
4591610161180303497
13510722833999136231
8999479177629484728
5186275841216767692
12569767974903956092
11697813648834679709
5870158116628978670
16768574078625238250
11175731466605696422
15378761097745259560
15556943231783760925
7628283315154019645
4719430484214224154
12440892450084986247
13745726393598122238
560933161603860432
14192756536920603470
5993423898034966028
1819207806166109812
14414023223603679221
6715294850963931623
12030673862937943857
6500383863794556168
13568756351711439216
10449609568317592986
3348372125879983210
15465423970694920034
9943760895918038963
13108363955739131515
17155672189432063275
12490395875530402195
10673211604940300005
14524546800031221320
8518355899136714481
4356387968722299128
10155369885819230911
17170677679598879901
15477345240139303896
4124641366176969138
13738898066516278373
3809005444052098275
10762142431623633301
2144694452895738615
7056228211368480200
9363067144039668532
17973053664343747649
3997079490723734877
8151096557777624868
8854749944397422282
6984468962219186626
17658257389537756004
17125588352342651537
157306451865049670
10163278196626716450
16699374076322194858
5569546167801218996
174558191099126743
8797923986200647729
10797133005875537627
16364605795993003469
7548526519542381064
1500876144999010937
5369281740665682119
10624283784488438114
6515822496101591235
828218700303668481
18445997794660480310
10707968056676017178
2697962402922389765
3680768264288628054
7648994738154626153
15886686886991068275
16326415870153620207
17986977909725726347
2751736706965590918
13845614678333331727
5468486192685032666
9731050788127200917
5092002621549699761
8867898670725456773
2689665272264320285
9122967356904051528
11829551311696073582
13571467877044228204
1666241160894363757
8338580618409532587
11247868802400006049
1343259051236272955
12671118324033757673
9418665120416930385
12522402648730915812
389750952638692249
14966068625270888216
13440663585530311710
13790438568687795393
14679187903703003451
14337567786547355354
13070275131330205536
7585224775057632856
13083819544273834854
11273462794149559286
17623356309227699950
10074686812412704509
14685463000330233731
11867228110457867579
2081188154904719271
18075163215284112275
9478122719366666655
9093254083542721257
6198140888426619833
11195543529621051542
17488876096624398926
8667833873800688929
7495188559806522646
15484558920651267372
8410295945443273487
485223633837228308
4134056905998669431
13091743060258411898
17805147016801570032
8779881975718880508
174396359016615069
17902401597087525606
11156087005749678958
14561551268446661283
9442056033000844788
7356912179941830828
9598548785261391917
11193190090430521762
6887261627378371127
17459672808281734339
906815776929199883
1829075444313356240
16569580276036494813
17137556707135461127
207778026237245860
9731945534545704909
182855173737535276
13933706437724401828
16532865828312554082
1288886761084898873
15798940282172839113
15306490386713998799
2957001398130132686
18441559854859162524
3170992392945695542
6161285514767135923
15225474567268717834
16708934936915222397
9840831979553629717
13144532204898906580
2276381260688238945
4301964146243580438
51762360766246632
16881997270391073973
18054583220733420217
2371220229324644318
15103683160464201123
12782216642917549044
5465930322345669465
7378633599074232840
891017805825212146
9129775867495048626
4182983017310856572
14525468141783508988
10016350118684207323
16174170662928660639
8238917422400164269
7822195940163998846
9502178359411956546
14725752906771558954
911117214833863300
14814654804329735285
5826987871899487523
17994227350504961880
7292946685312920830
13995601423199731118
17458312506868070456
10216280376746337614
4618579109700607349
413537230118561676
10626193119714161478
13400208520144530278
9039034609931621105
11737957120507697543
6758120093214516384
1538469098178351534
13071864922655512790
603047524129004514
3548516244955515748
11679864331194953874
11297989086429453891
14284185395988477246
11701258770042795183
7795892175375571050
738964985790813114
17674461104104244807
752604481817270075
17183966642710945746
11131510630524495747
10160126375549300840
15352605842920416325
7044330385679264715
6269814749363363363
6926279531160506735
17508599827967615463
15581737899905789828
4250253810643208665
14236465106004911907
16491077899892434376
7730757991483625886
14936345712604686636
13210909374428889177
869659771774597765
10556523059589492033
6092429064574609184
13944792247064452499
2744955965207926308
6967644554277124011
8140030017395783939
6465248545176629266
15762392084634066636
10853226195737669375
574317353362545243
596630540182759076
2901394012843207212
17476005517706968494
1964653105742335906
13471818724613263900
9993616030571629022
4282342430996055586
9550361939712025255
14332302653020406232
14926918165871262168
2014590716549402725
2019027886981621731
4816295946931368173
15191357138024565565
10976367556370795490
4951200070708195452
14138488346942382070
1467269871304654494
8890661673698422388
1881753877113033369
10961049132980830380
8308471238196798984
5582465902348558242
13795539212192927366
15734960408413851969
18428711149137812653
9458429065749417584
12068848306873358761
6177253973055249365
12294637444048933457
481517684004886839
8926487002547498250
12140136020369722093
3774623955640671722
6822050193703047563
16835035630480553075
14536930757116537284
15717624424773080951
14345519891172598585
7354758309729193352
15985129592048219243
16352796801753815697
4368507662264060790
6107105115081455910
11120847244416234299
14750254188123694119
18290074421875524430
3602057903853410161
4660145006377206599
13841761997049610346
60071335672730968
8647922933731040939
16831752239600192134
3143832966729275912
7380769472159012191
4728138377247252593
15006394511972436718
11961064310606732601
16269790272600221624