2360075642616203504
11861162344955577670
7920060425651669160
6257552865526448828
1790360925304180902
12401425758974164455
14596483739708364332
11747383822499764607
6183924798348670020
17973260094850959793
760644534076402894
17594524477005369158
7910598671697747514
15228862619933969167
2180110165476303911
2945275396682469097
3471253139232943739
10085506696798015296
16965721675453098976
11519896949603417961
12230495757888067895
4378212875779304599
17274822832477903263
15448538367259427334
2176679940050226593
3893414110672236210
11849831272404097808
272218637916769436
18237991495451243345
4899345848024030965
636632660759125292
2302144839225452266
4531433400031326292
1258033459331588805
663917357993733077
2423884891053304438
6169454875354651892
1919924112553439099
9273801350895039027
13879770068114079384
14715403098507690091
14605042054257080902
18133973663550005785
17080229085838497575
16243595330848864240
13223740275207100447
15588132772585093730
632044672818554017
9012973512924425465
12329012347914870868
3108954396027586036
8223977145004355610
9045922646359547037
3681777593369444347
7843299972451146160
3138659323030412777
9673792192545462310
13253295907444172645
2192272191284718157
2139381169052215236
12309389567755866396
10893701090475230884
5188362368732463884
17515247606485255827
8240910200441817232
14572386863333299618
13543459020051666292
15099284319593443506
5261721098483890766
10789169034244476090
1445137556274048266
11308524225280343749
13544647288555649003
5389064812447837126
8412664961518513699
14775831163296054760
8802381988191767183
4407659118111874149
15187426636072901242
6508513225793086339
16320503891064129707
274281818157935054
5040774221616207791
9403681178933802516
4037532157183670620
9139978003836971647
2828344732800622508
11101698879927299628
15578840714479287871
16672439475191186609
6444084440840508069
5378314157216478041
11306224048207182629
16787611194788904955
17100986566341724989
7739848271408743147
3509737991633851951
13132349114891153867
8772948670469332649
14082344867655209977
5770804406242398606
11864271127434625932
8811773276214591307
4059513812228434348
18158546996855511890
8791395122507916859
13863089685995301074
8739231877829855741
4985175455517768270
13873378267554058027
5631332570579116547
745457314602762978
15641258549620326402
4973687975591920950
17166041185915427706
4644807676631584737
16544845618764035989
838968676140203976
3411027311769115881
5772434016132921304
12631596119835133331
2462254195895552411
13991931761662773136
2000692514594721583
5842325958771462765
8834741347705285487
1407166219311108200
13935709031793109647
7327855582744247713
9220218266451133076
8847835366009817660
54690835671191494
5390186302726630190
4330470067811813043
18098081422106592060
3715695994662665197
7718076293334777949
12109142424528821694
16610908766983984035
4807804280170160972
9670168575998777436
4226342294007362280
12440232108996534069
1220711095051873142
7152022074843647013
15377658034251944830
5157624765630083348
7211333714471159437
3993451575657461320
4722702062306288092
11094936236046779402
211019587601467855
3833063178834821892
16682379029121191589
5459271252388320767
1739321665701478488
12968894356722346552
1375056644703320629
10775942812547321112
8538589179289428273
11313375371599564087
9649137169281934409
7200693596244475055
5553588350335500104
17387639229030739612
8115471959979268637
3893142113476832986
13580676765827970619
12328694826350159841
1427949726676351221
313629871171740250
16331567319825908614
9817085322539091340
34154458063598784
5199457742767494815
3872537196449903922
15827763183013027917
8046170978317802632
9227465142102869006
2775722581501605906
17674110400649938002
10259430411651468285
18215660590041795152
7869849986866682788
5302061393114425317
4916633274665734746
6633046141185177844
14161390698026124517
6098495548614065809
16903975194316132366
4060231017771767429
1643233464224077018
2335596411915577684
2852922812996648336
5458784112751721316
7482064101318025079
15250967472316919550
10863189229737732903
16526966353545968523
5111995769808657076
15906787028938259832
16015241724842446038
1236608634931186977
436785498464221218
5072393707250264197
975139248852171813
4070527743636974989
7271522640312914881
9086295871758667984
3420813920106934818
3424417744850711883
16575581299547151326
17347224855255293475
15367466042603147451
4959778116996825462
6831632368989610888
9427033901098289856
4249831644523933209
15282329003880054536
8295885905608438977
17369211727021473912
13374341455318634460
373306823732547361
18001111603629133861
3147237653317275469
8598889512132352909
1759532084143251826
8862334408645151328
7441963026532058379
7299977310132684428
3819132849298158767
12260344385436621622
14438587517855451492
5355677713481134207
8379684288957668125
16148063525040771648
126079215244631531
8466768662659177602
18186946798905248631
12708672352361917395
5411354541258030745
17571947318258616107
17386703563081111502
13544445050077549202
13560782779509661902
3807338299984715387
3086582503568245071
11359524885445294199
9949466868493399044
12590455837605482837
13771902022155920258
2497976852096412147
4638928565858541960
6199482036862613890
1193741558154967554
3264525170495264738
8751159430182483640
18290512311266589806
166414707764824796
14311539880002315000
12237021300843259741
17682510741682897143
6312678298195176376
2518173442713395299
14684185526364577001
997369788610465413
9829327893902442410
9961058778664296984
12262792973360254333
9328626911777087458
2101069431415673285
5274502040064756774
15061960685099344079
5039750170659206912
8562157301309032043
10038208589615168386
8296313990124741081
7576069695719453945
1021110082830661424
463623691466237042
3188432963282059070
4925097412815005277
16259028992117429212
3063527767886036640
915616046919963891
5242164285824788743
12750062585064203743
1407007159453369638
2491253813317168133
9583770684417194379
7071554560762001236
3825607651449581309
9520454369216076622
12232652630950646353
17528628369965357196
15597908025016000061
2859887594858326607
2916695596456780932
8569000414555893508
1302702159535938552
198710208813637798
14927382421073251973
12617286643746708231
12893307231117619002
14739043320374104430
10773155320042592496
14446545102640803728
8233841988043797726
14316725822150895841
4254170019351908000
3416598373929502820
6658148991293984531
6651060721552225351
11413402030132724392
17150256289154527226
12454642102936381355
11465314684083287253
9877233449361860034
4626978978117530749
14907568659646782518
10310682194790721992
11211379555775526713
11275442394709275448
13384609495791402481
1741588077945859155
683776715313278004
2449267103846363197
9875909587417154979
10580800562640791124
6181899129991679843
11062809183648162050
14580730991275196497
1466988935351685015
1129289227197256808
13744590760719070612
12517414813065336710
11097488564044188241
15171542550610793675
12079974737943434844
12655136591018262112
5730345864876807731
11616793887714763694
9815222079379971350
3676137469269271890
4410810496721205162
2008295207843449320
9047117381860126473
10388036294226916260
15985558126573271585
5810363825537244177
7077581459457269299
9632486492717372304
8478311838412750838
16410652605223284097
4902827041091647189
2380956485459287355
16977678311277462590
5474756863908025500
13061901397587311834
8189738583132396966
15863913026124601131
11788251234579445992
2863010874159459734
10280210370362118963
6406914246621790448
16364184352529048996
11738852942387618810
4962035882276126288
6716958480659377033
1427160823488209372
13360634639027308748
622261501236020038
14357061192760047223
3587693348026883605
2465497443486378724
732453705826567678
10559492145909781311
11764626756735685245
2968868261551719746
17211865795803100761
17487962408533206933
7273159943373281784
11559894215058239651
5312634641663959677
4168884330306030595
1434189199442821775
17762954287630744865
16809393733779666271
15086298806192288283
16051938114730821314
8744370090915899814
5525858857315247205
3968609996604024416
17406076425617669914
13573570658703886963
13880864276835296891
7990864927073558168
1538085056871705365
9341461364266433553
5542130535074288644
3652837880225938442
907718045447554542
17759494063300780175
4802907625724279183
4547319401906201716
9192076501350399053
9382935940465064055
10727244714690649181
64129563515150761
7181364935436494544
2484431836731800098
9950196134248595655
17969977673158218719
11735986844648851468
9575955305332516603
8890460447234223930
16850266792162450427
7509424864553890140
5264156837373843008
6287324782290101424
15015150593799427107
416899630935062961
17450817090259714963
4486714558128085950
10039439519474809513
5020739175562323943
13958637623610687162
14092329981874247137
3596817666014763679
11332820811616279594
17305055077683863284
17442707666915464840
3859172806915429638
13025493255513076138
3957100217334859297
16485819527342656293
8589897060139660693
11473804297623324307
6106988908023926008
5557051889668816658
8014541116134034459
13639221953296998798
3959212490461095291
10240736702543714200
3089627775562553822
2923951345083632025
8745911850676535217
16245306716988955772
11478431225491356310
12003727127558153375
11459198675705670600
4862055440730622175
12240085300091024414
4104703107264035987
15066822471356245220
7967511791619145310
8388293319875107155
16639104871731820719
3071126519780667914
1976246847436925769
9623537345098632261
15147863929661556304
1366409849940141560
12681821319409717696
10289427798138789245
11509330239579171558
11827821253527392997
9854650823760716197
13226002413139867334
5471029911018220096
14721480278449530119
5836233661946769980
9159061742741872214
4800693327873054394
1345066729562531192
17581273612620661068
10917116309489134378
17848739278043313705
10467502605851473940
15241455694825943907
8461786612694205732
10515312176393952729
5147444442379219383
3252404702467085528
16014022647035381259
10753068968257553017
12436289730674017098
10873248013443708092
11242212495639399366
12182019734343131752
12071533493278853361
3049141643301911609
12669227516291049065
9717366733287906514
15505345192910133610
17610802736803326656
13863189447644686467
11965476015234268413
15543835610916566009
600581148968704967
12376056034581945004
8104086595275723961
6750489996610529571
5761320342063028044
18351932998852772734
3142627726036743692
7243310188680696079
5732619135948613357
16692656143023244904
3075537411614824395
10562824297291735995
12239762098968254031
8702279405857501831
9561672422173417057
569850657686960729
1562345872816910765
1330892649604295072
13672168868523256012
11211533055620975661
12084692223724049968
3229647338605894244
7800032072905127444
8209034633889780975
6873256397087038613
5085452189338732534
984836534984589608
12988944987930465756
16320726938181004056
10716879070084319457
16253790043492909039
7482830357957290629
11180954565327928503
17625867716453307638
14566794721667588248
6769230389661308975
2739544837852601126
13307568435655457077
6017167089581289201
9272318779164105337
17009574229300736548
14379293796196796166
18129245719160072704
7241887426784523869
293713927195334126
425718569652060993
3345647961711558492
14265956570735117377
3034539440561254816
13275948334143886185
10986936144181239419
3433786520462723664
13148515435299142127
7403191900948693121
14074155974518405721
2496952778730253784
6359525467739320829
16984128946517494519
3282238843587585226
2802657610025101688
7427757209215280853
2484352201266242313
7993231347653153906
7359191555030854921
12176686857578329280
15454128469247994043
4494039520373098937
3097234835590218050
13479644128370937035
1010616697720870119
7806270641600833983
12352694333041105100
10532472709307267200
10674797565252177915
63101905548476255
7231881772270310624
2317096658617498944
5686800843502917786
8724066326058162584
8081145649501185401
8694248758066729522
9609421819234719631
15365586643608705765
2902057357347372849
6031064718875665804
15584149748041669939
15609802795695851150
390761381165042982
11827458349981926058
14924648935643265529
5955731234224767163
12172153551737348834
3734389682748478875
11242935327318809702
15403367315394396348
12660500451049769399
9285262453967814007
14171599099729728184
17948444654072368741
909779898429893954
9546007151503715493
12520475751413219339
9203015157657118958
12975850165118562237
11812451650627186927
14863233381110428753
18263267438089799842
6236424002577981089
1892786646142044295
4359364256630394385
12805717261107410908
9499511133619481697
8890952554060910508
7515471515059882417
6904322515056548873
17767858119343529937
1599840688868988563
5272480915645418831
2373415261227792112
16102439011816332325
8521177785930252465
2559224204488783954
6771874501389010110
11325345435619474904
10674497905468146156
7318883477511473376
18038601234338559274
5087248887051085183
5944965123457617367
4507064517274957407
18321655268618204609
15791889530139675510
2659043819737802905
850814953817201589
10399633745010205830
17384828389393922119
9770127567491993799
14462340004168970981
14668935561510849474
10982728693985764199
693176377849795799
6623459532336023083
2312356545482980563
17117211509137781617
14218262015804632401
144745191810287172
8771627127263598518
5244409193997058247
1237360571694670319
8048657693799555420
13745006875180212547
12901743416349353833
2936165220889338453
6226725747019690087
12177850210717811263
17436837293984285890
17258716229044456485
15341215239433889481
7216438534004142390
13917766531296690509
2299926256621322121
949817766065822548
3015264411521321114
15250283067692847473
15523253526205109003
9959687389920259611
7189654167106701876
10400461749092002142
17411130777626835988
11208366092769618339
14149001559095798208
439235441732756341
5397600692152065748
16245700072130969126
4829962049631065400
4756200308443007594
3893457500355801563
18375018166533590753
9148327546316112216
15230419328624360852
18108395813093165658
10274387181196984079
12510440037180907753
7985956040191818427
7804067386735814528
564143653716186910
14010776848168917580
3744291037606505687
1705076324442070569
3679533334320252885
16105226806394399364
5162136004811875034
8299682721815868925
8325268559747754344
5992313272141613585
12820480938187455488
521114053558059652
17545661521801690597
10236266695483245001
7092187485029596965
12750404970629162790
4387558946492899210
9016074069129900083
5402964379095154216
12233701629125981033
10219818747924603202
12122165534975772547
4375134884689879301
13482299796598206628
15412532460944177231
7504090927758349590
17438668070493397114
66474889480660538
16008876912934707950
5337558037686613852
9948875304830042878
10607705268094189256
8159504474267166641
17215451599810622382
13347883173302536898
4014450142409458687
8019483244547121695
887111262991464258
3332138918429425472
12958548393561422170
14430363230896380532
877318084661874721
13846837682400737221
17215137952317462891
10572665527036061223
6602323913670312164
3428512206252058223
425979459244698672
8722831942843760323
11966072008757976617
12381643974547476809
5441978926449888492
18101126846555526490
1308544166051390663
3877956662773442614
3126969488336860604
1157492138488724982
626714164883122648
11910856153257939946
15602753941302828592
6101486305744714092
15815021061320975499
13620194844486820131
1079375871404591644
392222838950184890
15887605950252080045
17473428638942024968
6233791464154989534
11063166596215482243
3808215925879643594
9836219700911919362
11904159470671830467
3058900812255814961
6557416169538444667
1381246784267708408
9519617634792007006
8769657502503846411
10895563667561278335
16727925844893248189
11226888731416581506
2385993643827629528
13900907167612766813
5032996605125073978
12643729227520012652
12221771987845597127
15296367335209508959
14883871153388925650
9289105173921697571
6572605802781498046
7408642888567615182
17710328375724944127
17547767594047979308
6819278758028616723
18144955054988846068
9572256223042920687
2797221700999736330
15269453728882281490
2188238458842085692
3322249651461248626
13834548813845372917
10267672615761910965
95416184618577203
13835984344595828005
16129879185290127601
1872961322277576965
923963330735250798
16381372337290798445
13418015319039499111
4723815936059076830
14514787529994087069
4530330016446287527
18151112417108294953
9162973563162811465
9747709919919819816
10852229761746855759
12980302093177335859
16317889581520417960
2905526305026701274
9847797069189656187
361597241250996011
3782785154207915999
12824396091360501569
13665198633437848739
2576495876233246640
9956077744562114561
14196391401841695875
457047342197169012
5081378612057449740
7663308165019022767
6629667664413285247
807288219161515048
18244967928237628989
13750284054670536887
12277028950457893228
14234336645911701975
763113890852317608
1034262666842327977
6565851021795761300
15664660911280036691
7573698326552767367
3880792182144067627
15289615598669628104
8181913801542586184
4948218116858994956
1610821858755375625
13480445712764423906
6360214206700640834
14714110913555693922
14723460439449324816
1486102104346532983
10787561509761821377
15865574586677349655
10112180304884039950
2263246054980139164
14729031183098120473
2950308750660186803
1847510203794430745
14109167411887286758
11467477000409160925
16097222908448440395
1914374402917782096
7005255687527147024
6701124590428755190
15170751396056365487
4737239479754876537
2392732133302122709
7292052815688826799
16935821484029466052
13838609771155325022
13779665597510541292
4635124470812533959
15993705761736365865
4348087977104099451
1685249813040272857
4504075211532020271
4391998900194954816
13682215947168233835
599357143472892230
15142246151565088092
10428825344925626675
9427931118577709917
9510425974636740239
11873236279491437468
11469266888148210281
18436176402679030092
7691817234664529605
13992549656956113356
9164713784041511980
15275402549758761537
3731735333182355927
5389247600232795520
8727816007647588951
3981498490573808810
11497363011961608247
11872562394157536870
15605978184167950377
5623104544571156269
8741799897760192723
2265627399231774485
16646656210329101141
17614288359087297762
9370222208891608641
7298318629228789308
2177137026872728264
2672651204726754224
17760182098518479811
11353269440959429390
15040236904285884873
15763545597427282361
10761090779784595382
10446691143547139281
9304286137238323182
16476327917273262486
12326486970827585122
3676214630369313185
8730769139736912933
6164033868198240915
3965884171285369638
7204373617230378607
7476329158825359723
14509998946063429839
14267830010740243336
4393657506480923635
17666150828406857287
3314448266041138553
17492748297363532870
14602890935589537447
14360506936379425982
15311573533189829219
17188160142419161303
2178629284585927224
15717764010612541290
10675487607039453694
12488909098238998647
8345207280027598599
16446162860464454265
12994760479188337602
4137294934319550456
1850731364340409466
7666866430434401598
11736741816378284584
3932238615522287981
11978609763242946117
6105399318515553691
8648437263565358651
15470038966281311614
13552034102515228852
13265334715574544236
18423978162635006542
17974486832139006229
14058369384219348652
12331394299209155928
5064008494358208609
3503780306710282936
16682103667120402463
383107032451516758
6593597881020225971
16467284351291469601
17352801385858745227
7872255145204441063
17085270117306327370
13168293070505347689
14905157466279498667
2953995489031119911
8442712309548484480
15108137500060260831
11223102084619574918
11844733735462577824
17791522007219159149
6631871823105808449
3680265292665294726
7267328536525136048
9314753319695607204
13535384406841226713
110933971540358299
4588088395357413622
12890995553638399637
350330388920642548
173644760206170848
16647074897338365707
4882422207677924175
6769665923266244267
5414943894634830544
17612868843103533359
17527417258778142142
13472047680016463161
897817249546137590
12251207154850979814
9147430644146382904
17206966321580583797
9739277074183110357
11086638300306548327
14653112159076434972
8010660232625124263
3510193087496069418
18405907911246252349
6058449703154203916
9341691779898579326
986229396779961903
5677692536521357484
3168785862132678292
7405524058929639438
2646971526146596083
6937321755434757148
17042805262694501431
885497120362542900
435988611781124775
17598352688836968057
4341493733306609229
16786670823582088777
4118956137122711099
17908511581678931899
2661494427510135016
7939258840575507516
16080697357091796130
12348502104134511870