14525233495846880086
9958888960324418230
9519521416404195650
2951042834102460626
10022173641893189559
11360196216396086353
10224505162595066712
7319077867244772259
3441114512051394440
1638923152703078108
6077184651705950187
7165782812944223455
2601677852929535507
1389778509020324699
11034653429659180882
2660329187185739949
8428420078768997229
7318172999765967098
10264706739841055191
10450558712837567054
9710701028713446919
7234775217061020826
14626514182852056509
5579956697560939855
14889408778313524546
14661497570449560792
12273983113359457719
14979819539592671411
13460136558570504437
2026463271435116147
6288820084190605069
3092905254789796282
5631162964830649424
10917233527144727340
1300684051885842455
14786462135871789681
10012464061254775771
118744596556102138
16035333404040088568
13808290016175903607
4733479587249704953
6415704215320480026
16521376516304966596
8088159866845059480
4130085776595725697
3418852117293455448
18307973193470899321
10803502380337904883
11373070340777858020
14321075439626809711
9045532848032348654
14201164444628196703
14995035351970098415
17205639148548808957
2310995047795029614
2952801770453373855
15570803725950968534
18273739587168518767
10158482012206138
10869117803219446355
6368441442087892682
8771169026434040110
13669179342815695945
4210685515755561598
15713584009537202305
14941313413938614358
7782558416225097171
15559078693978322137
12408536675476578022
11553763190971580575
18025834901032950486
5404838178384833905
1059165250661777861
8202494607499234488
2344877562911036218
16889242854455100037
11666562275262101475
14772669172375011923
7408775625700189030
10344591322687001262
18408605435092326445
11598121620736087680
12739399823122745203
16098401458717366081
11675175912046957675
11679783955496635594
6714745632713421793
15518609846083348785
706823867605313549
8813373110795502896
7496621866013488535
9347496896644268272
4610971843173354002
4163760109703886391
5101270755686095139
7409961998792277855
9593960525567594167
2773791234810402200
10481109604224620338
6081289464057189691
2839388340662913021
10722082079639109272
8438577435618522568
9424326098407872683
14630450011140262681
9223206191207668486
3968041756903800008
3108526842845163941
9657416402126436692
5604905773853659549
4945886515492860455
1484952560023534853
3875540113463308349
9981166476503182663
16993806320682678430
15580247853007672886
13344480048780450057
16441192337228651323
4403959839844787196
15672995733339117876
1415561769275596412
8542800954985639335
5541529408268323758
11407848758521067007
16113668646158185997
15740255302431464445
916381721040655689
13888850911567596051
14154609829030316667
10290658516780530503
9511370287057950568
9652333198768428746
9683454832714200461
3220833466345869958
7638859529516252072
18077415612552347462
6754376287349524611
5973585203970125475
8038868504270303861
15438621881084268656
974653997808688618
8806788027281582022
3363117161468576030
17286445823593008850
16651942646405970844
7733913315394023572
12615380434788756745
6424414145457697012
12374915510757855397
9228307313269264523
2454018066353341595
16060778563785985858
6792229324633892482
4016297563578444093
255438892381151191
9101576029362195258
2730350668866843081
17283048328971842918
8056016984290730484
2290310732911373159
3180768175243087360
570373692072293226
17032438665643359928
5281744453950899711
12210296816116780721
17023459883994991226
9476803314350268397
14486156586844355171
5852268763006669511
12445809474830372260
16646226092264163424
8550332060196883349
14915877419562604974
14940079384235771677
9299568645007946367
8507398924620181261
4011239890634805273
5119826321323133731
1444193944551752086
1027611352791550702
12665140959842082012
16297200017777843403
11470740545883592267
10203543793171970643
4983975246700887491
8995788928869902736
2981327768810961776
7090312399019398673
16597592295760907549
17512019078140803017
3121366150021977843
12489212175359269380
11305535968462227269
605256849033191108
15210939121583714687
6751272418552214142
6525474060745679258
6508383016692966104
7312028466281274282
14559126592748128157
757597946882015538
15582609916672805504
640569004387080483
1196907632564063128
3520085717808569648
8734435462008266594
12442591950263447791
8971738996206892753
7935347718210857301
11831857946624102555
12652029730678052306
8555688083595204506
9090770547994119052
2890834647066292878
11124136198603147084
11072418524734087549
16434909197672144907
9621109398652795503
1206474622893799676
9144528983208602801
13463371400012956352
10555245502929332922
13068029740511347655
15015101586147956589
15289921392521810745
7949656674671851044
18003197797673638073
5977467972933861145
1928268621399291750
7176416152878984882
10008887779777773872
335135944892372415
719647294314412497
11065347435687083983
11966117444281985168
13447261854236316117
12280870813205260611
17670790121821008805
16325894236137448477
1722842458128071104
17103678143735310706
1680309318358748320
16273942968861541727
16950604857242327325
3908376192229363792
11742026757090376111
7389507970445626353
10333650420458198857
10169757791966844957
17451509228861675927
8579873014396028206
17879755985760113246
4902931891883486844
16030102802917750639
2879487859016227369
17757401346410418939
5190181879526279888
1706814297440695217
11143278609224276263
17882392985287807307
11134744486470685692
224424291492102907
5533301753595476012
269864304236619918
1348480163147416584
12612760364653640538
15420691225327459144
16683548431946078573
13771923718931170664
15794482282800580120
10936567808959828158
5532747959992582181
1774838125242020695
14426724507371901208
16808065711037342038
6129896844947647106
319767969783774085
1938131803771898885
4915495011551713743
6720643049305528831
3352435605750812273
4594413020820913784
17099996793039032393
4892836099504888520
7326427099809578016
5302340266922544600
13664824744788214935
7354645779422614249
6242916477103004681
3168761451732598494
10641175285783695830
207801464358505432
12381060204197318490
5510655856449197916
6242843242430898580
8061998290218727353
2389325100557256175
16671336253887221722
12857341938381812645
8127507354205281071
12156904565822838957
8362151074476806203
3700791975795374946
5571778029831363055
17885987564274241047
16998804519202280924
14804386350500028652
2023600764685264598
4730093542978217394
16944429490543967198
12170198901607213573
12081614294698312038
14696447721079444802
1671664664044876121
11218935995674721398
7644566290205094738
13169773467467709748
3070187315865785936
342169685935264728
444512678404910398
8020517204030659808
2869578529294534068
7382826269296532332
1995540413998804424
12794269470695581376
4662337804855109226
17871457008937941668
6873375834801426452
7718323193005784546
13264846818759869783
16810742095174628400
9836524509691486508
13234627403862335179
950048279132092936
11392353636339847748
111355846752010608
6457416063414602861
8567500655376197113
17997899071456150882
15723059209485731571
16518429969137852899
9668996017431956108
3000352401412339443
2473093800785668356
10241045529044192856
7882435906076770885
6485171754921815968
1124866387767561824
1154600316224112789
10523657137348115835
6985863251016352246
10943805120503905548
14476375485332704991
15112125560495362108
931707705469957571
3458543500261283256
2816320762473002457
4712768987178354460
6385314391731042484
7339079114662158937
18326707523388299334
11605674033083588968
15692970359706621876
16650026011606562662
6160379735777401671
662851842120464166
10122877663832421182
1444262687309729226
11648396265636211859
15758143303648753972
4888978565793667315
9920239503118722426
16060594026475003366
2754534552984167425
13213287926457841650
15929477049606261966
6528176834903541103
3234084821989648823
939352596217698584
4221906027889443432
3236612023673567419
9136022351059992326
16487645780814672662
18019561528945657229
4665370808148030121
1465330441958808787
3816558765001445368
12619572304984778847
15472107771059116371
2643922973215090057
14045381326086332880
3114190651007604890
15397463887994177211
7346165795503220976
15890307124994614415
3763854133192306245
10392215909777868771
5762213531766551100
17787638502509716259
12250592560739577138
15936827869419047336
12780875612134612712
3860939508094385186
11250170160481429392
8500921636382018933
13500693487716869921
14096724001239573696
12569103515588579584
16436283590966988150
16069071863029733154
1468948141796819536
11926797170050495182
13463343181755589517
1601810472482619840
15419852844480621555
15358497651816538496
6094384644680060768
1508519538282043400
18283228186991466326
16795077874579213579
4616077188698089828
6503947966789131837
17494350643660769554
1098910928640352150
2964665635146619641
12089154026839563758
6171805495166235729
2849883696961632025
17492148207833485891
8972177832436862658
7467773389987183961
15738920614003892956
13423790448924155143
15085712130277131907
17333249046960968590
6915171264385662148
6437572610330719093
17174086034625300211
5891204150374738552
17050687625788290559
3909711174915329088
6954054539503228347
2723954678342437627
9015673436474764735
11787725579398737733
139604254922498506
4536241130747623467
13399243564042377479
16124281651279270045
17561384993313385848
1041939582791657315
2584630482537248153
8335063752820254213
4377605289409567585
12660829856234430445
16857251032294614629
11335989074712423635
16047779755554620193
14030766412931262736
85510508267796709
11123908017127991215
11883211553975545027
17492237008941887674
14590858290698156736
1066185288303525120
7686608121550735186
14919834856974671867
14679622532312106378
16068381620317234961
12580486195474040987
17816805755897152061
13872982030004175661
16062558322123345329
14363311095850832482
11899529549202520180
14272815484054493073
6612886084211499509
15734657127133876432
1657302538004212396
14135698447143405493
7969884208381080146
3668647224737015437
5728499087379164398
8168803007130567530
17566890912619325138
4181290796930101034
5072485729183669600
12109466645517330975
16900179099845197958
9207967236029646655
868031977287175250
16504768098481209217
4288042395896671914
6112405661196262046
5235560809173231949
11893660638265348057
18193704564757603980
17557808159610782248
5485420202106117177
2247025759132849808
5861415018143212673
5279628489717699264
17044101766648813146
4109433228573518967
18049170156002653936
14508279679774310067
17787923265401820284
3999170494210091208
68058011150353923
12909116868627139643
10686804379223742416
12779953587024932372
5424355316987771957
14816586180198814293
3218050522429410514
2831842786541391546
2651924195665769859
7001136926274382607
7161492140874875268
5184213842836824921
8464883500960204503
16973495225652645651
1446128307944042083
16577559643890132201
52709307225919913
16241832213729129139
7150625307725417883
238934455851497923
7649180318530848549
4774515817819260309
17614144610663274101
18051491857387862871
17896178672215609377
4131454008398786336
602595903331573682
10320079015870254869
14772402076877059222
2839213580400659935
6356115347543451443
1611793542072697348
9279190506873511012
1436978076276582993
13941782008696540354
478055304593281384
3304876577920302872
10467428441464077108
1970742176969363272
13042678077951521725
6598790555300563438
14465537496564596582
11510605966847634867
8512185937091691329
11479685839408027143
14349090973173417553
957236750481967962
15205380207868512053
11344152895699587291
12991234269512701435
6804436504840133890
273908757949830564
2484894625390585064
12809299961677089200
13168803002881609743
8321585334246491772
17476168584028270852
11645892723691638111
9295824408400617550
5960632385650826525
10835299207444010688
12780103455684731709
9770109571461209322
3267556840858637678
227585137433493100
15158151267281841704
16952863008968870715
3783831133497688782
15723483857951592275
11270955732777837353
17830769429695045260
8535486728188879843
10989347528675785277
14867511365210652421
3961752378374181256
2254480335868098417
16638524410208346287
3344576982602991629
10267631149151147974
14355513924020385221
10461301792374785954
15853434377218405555
11915850322717853200
17504219709308610455
16992709161268899523
13439399955682322023
14808271297924718565
10716767598333767183
5650416281419815693
8656485904152371280
10945651122215788172
1514143410236644674
5368125723276379869
6843227579810743400
6475306725178812706
3269357676539482124
8497063547433374274
5916786316521340367
16884397400896241359
10787989941540080576
11737481991636421332
14290661148912126013
2622082510674319475
9726385544250431026
16152875371439614945
2324996731949482825
562040960372697709
1702198553175302970
8656797520737828495
13730117130496974071
18424877035338035813
5952245457082299288
10072942082201145538
3310715954908572468
1761690726530966462
13381257842800695728
18413074321673072517
5982420558581456569
1936681958514700044
2079304792721176849
2908367106461630770
6159635632448143994
9263120603412099593
5182973582943658321
3165226902658424002
2907016334063489440
2782694466277603135
13155613670389255376
431570000702069853
3575646981767036714
6037432444117659356
5968797444229172460
7048921129746150596
15165268784678677290
5606801974795617307
10299042979135078249
784985943338519881
11574816481890234997
11368806655408364616
8510076649841315264
2012610405471731855
9228964873929989212
14339262192986717033
12570999620762429905
5785352823860086167
3403852444114418293
18165572459123897470
15528778543529706148
11798825733650588286
6114510860277232024
17475724392620883988
14494104014902511158
7652695131726110920
8556101889527507629
13962318586799416232
7967627908938193390
1819059282399502570
5664542353950042612
2730096316216734412
9006920157906874632
6058147148147129703
9264675262455413092
3596808247702068143
16368061678269128801
13526297691844397377
2392922670976274629
3706862145441978463
6097292459830869030
11598199762201965523
1724235375247608510
17761262775926863385
5863564449415977336
6159941692439298794
18051682997943627742
15079485240502233290
6120472581001661497
1096962981141407166
3437002640452174431
17007687300101999617
8699002218191105251
4335935923536184322
17239762082939256417
518344033519268545
7773614805760874101
6539819245593264858
11903922437562876834
6279146283025113560
1919179445752214095
1259254881532938238
13652904725091847233
17660408450165257780
13393591470078559013
8865782580046534004
2988894210104640135
7759464102265166380
4985586509619915579
1615271991134731402
11683463865626608866
6093318357196881465
12476644777092069491
6040012268124951694
17709981749349132061
12566400212789517835
13974389425550306290
11806549602785056685
11896028494230236774
13396169735930794113
2456620587714306411
5269319586999984962
10404397273788223544
691756978217227834
14890063407908931933
5872162668594916292
10215349624149529944
17926629472650768136
4690682948128339103
9902179768054661598
518138446560395813
12922165873941807215
17119230107968324181
12313685732156646133
5386148931432624301
3515299813640769911
11295076933133429448
3086869063737545897
8793838721338191319
112022876209903817
16949423583760831349
3542035749537350229
12031199055487282454
17757210679177820676
15172930436149926019
5339294532236899277
17096988610125560799
13131255346414488679
9388099605021500366
9110957726818154141
15435141017432436045
2760112028533984054
5742228136426358554
9290705725600723638
11529205058788309027
14202083452289139080
11846417577734997206
5555717091783070921
12554427067576353956
6556512442121888196
15839372696934512200
2810967233033042526
5115342695707711247
10779018231054362719
39364358384408687
1214452892087003855
5304317362506843906
11178115605291833135
9567369903905252577
15372938964232714642
7759933786081413549
170202925138452625
1069099612757788649
10130808693682747945
15876495296234553005
12897159530581494490
10074681842560027942
6305641805638128774
452843511601881859
9932886867007559036
6738026116152225838
1068632480793204012
12437538023417574033
18222606242181032905
4609067518352884769
12954931118368093987
2137218170733505762
9301687599441501454
10943883744205639429
3334923867797519535
12774916823779090171
14806186409659669244
1485364428156107205
3189958124769308004
11526080903848228822
8640162621277344032
13186915721256505004
14109733657597543184
1759744067390692666
14429524042508123310
16985878311847299285
2377128935549471359
1777248687805605661
18082896776043545808
3434356224654949406
791196029544481613
13313734819056881147
15221622909740877623
16698367226307356956
15822424503592593308
15142745551178717440
637889157018266012
7302653601240570624
6960571425902852824
9011887766461473506
3322726324452843596
7409210775876936520
7996285321680205019
7362812386072238108
11995770259616483686
13248153248686456321
475022755186391447
6075098734835883986
1125149757659054394
2021597205603607081
1194562460565327212
12624045548068708465
16408967393254084196
856548365237640428
3577986058165013948
3637127822251114695
7620863237950293253
2879759592209951910
7902376267947103219
11381373795392685065
13492231238312248705
18128753075939062169
7645539940057976261
1870725164236475069
14008229565729516065
2063215160070558559
15771349083791769201
12347584719620888559
4835918940213611750
18416137403124298069
18115261934587100808
6661258428591674904
10322051566737961462
3412156136288494433
8811581911738533380
9034210984108041016
9038145031107739791
5641160819342074665
8043037189043869772
11331338874340591103
6608801308429766786
7387196435041269047
4642077894447022683
10680357966817297912
8343207668474691809
17321454941015205605
8319834238272118651
16866833765852192584
3322176530704696691
623184340931208969
4969646218952499937
17621827464343679460
16343665025018005490
10470645432761296675
1515956111379001997
13417992397793801791
1850270142072802266
7865232902377500837
16338348572940392211
3704389918612626015
16783838979863266542
13902642888683167495
1879570506840988157
35016799412282535
10648184891922848116
18141260506238547558
14479191195145798994
199929245366281178
14099614475960297413
2574642644411827601
257708961618807303
7545834050438437575
13863524183762556224
16195555686122412494
4565007021750059372
16419621432250829943
14882716466640000096
4210917839064437892
15951937120431219204
6417118187774261517
16879879387195168815
8398502907298950671
6749527303521358338
17204199993005381093
17280276590702442555
14200322535360339013
18228548625869970436
1048200972994746859
5193616610675907826
9308518684612238530
9999294262751257177
16654067857072471033
13492383404952959295
10820425213455647948
12592404335026807409
14434205820535648140
7648735442106859073
4398826516481483201
1289628350860899498
247806638590893358
13264853168756996119
8236183044338617242
15906946388696895479
2610762724988543718
9821397395788663624
3718954370095541273
18085329713011723624
5991522567387020055
11986884509008327521
12396234604350414839
13652726192030579679
4503339510056750739
4587585413543330868
11710289098364974563
9662302215429214666
4468074988273886262
9773420375379357605
10273165457963898021
2171832671297277748
1850450859967731396
9912395428319166255
6557783920192532449
14288543000063706779
10925519617267602033
5366535585384847352
276517262883411090
14114670298281429227
14317260824915320869
546142812144410784
10483843518997069553
9391490679045321717
11961144343715696499
7339711089445775721
820735229373293036
15270341028224917354
17092663962316687319
11456083430225384702
13724499811725155138
15514669469104142063
1732665287669303058
1350861931405763532
16789900278448460499
17625246094153524454
4537432022242685434
13600956997421657750
17740771357374233192
16180658440236445922
17906805190817372018
14646260084747937879
12255509577029722127
7209047973185926496
3027547044057872508
6521330154135298301
10191551504013478805
4869115164080056446
11364829395909380751
339204278297935821
14717514821364042948
16134313809469913813
4220948771312476527
15960717356705637080
13128942143666842179
14518256804376323774
7234742999748707955
3457861975392991090
5014377307638627061
1319484146694932697
431703444657598426
9882668037714095276
980328524020796967
18151263613627491171
13503254248257013589
10148834381587367059
10407644236874802081
13099747630664976133
12715573693526379749
8815681707444118231
5271144269108036782
18430294777682992449
18224398016798623872
10185130672004358389
6370580208551309140
276252046907884705
14349950764490511622
11602225399211424569
6153643327470447871
6466398782500609539
12193865961032235252
17079321248702755664
7250018124624755022