10103707353194058343
5389766191461259165
16510741624776938770
14609110892367755759
10853865551802896100
3515240777251589596
12530728550765419177
12800902350218858868
16329750712191768497
16865447897811788568
6561171411159114864
9437233651356043724
1130807677540605055
3040486566983171271
6123652746250634382
14296901126181622332
3936592806590203397
10122105428245338032
4547275609517696205
7188810113277653076
1851118961747579652
7549198736527238529
7496874236086091508
12136408341188648649
8898223873298176346
482782795810364456
8194275568969361842
13112137155574841090
9748718733358538939
4540440737391748126
16713752274248469066
16061074960523466292
3249198206590036801
5938702698485798076
18201760253836815399
7893858695061405050
17476588219694550626
16889380568654338046
5106361865814747862
536640765975626964
12764368258662153563
1370736621484170103
7268426520519350564
5295814335654599170
8242879582169937018
14870941990805226081
12825104358622460790
11558629798808022967
15313446106143483775
4547130928920991288
2597293845867542858
8262274446451155042
3738476235919934650
12993225727342138913
6288963820353204271
233786609139601006
3547598338670602568
386054359705635636
2131176235136977543
13048992815364679292
8691149401194747058
6547367927666017185
12721567135607077495
11874115136664061134
2951073946391932435
12280294268333644995
8671804269135369953
4117836366945847582
809434187978644799
6864996332201593332
1705659182591100262
6531958965819587225
10538647494385422205
17053945225220354684
10955863687387173890
15907852128601934958
15564247032714558070
14198237762610098724
431975311044098438
14115052996735327435
8723569561661697726
11036773992475136055
107627041920852482
6765084668320164773
14825195900562110176
6394138440635529881
9891900167074725412
9051245659943851082
8454857705835998298
5462878047771125600
2927680227590650912
11439910746270709919
14048215413912924540
6769351164349568346
8992057578131580049
16368172124337233113
15501449030699243846
3093789438254768911
6685391858929365612
5567542241599120720
9531232507435247893
15058043582781282847
14178817870916794331
15803290621978435263
5693364003135244897
144771816748270471
6214285140454346996
7260418832601020171
1007616542381341126
15692246260864810022
18099810682736764675
8718263982488159112
13803367182211811241
4755805785781166006
11327584297848048749
14318010801608626518
8286423586927787242
1025372453552158515
16149647760906960243
18076140681874352832
12965301580532182318
17363693134798466585
16734222373586314076
12777245580199385078
14244161058429314914
544290142925661344
740162002113472420
7552996996740424379
5570620463684799536
6586569965080662000
4329513321118798720
4626288422813474406
6064171087621909619
5201032485983331750
5542660965285160927
14558862988578464566
1944375612118403039
14204016286661384184
13848839762726027791
4483363185949999177
16506775507411689494
14198753732812017266
14472678988014136654
2217176690470585735
14580330611103429850
7209770417861219594
13428629427274162649
4606044528713876900
9693338389706243573
6674461061119023153
10244019569080525032
14575886539799374519
2144310518571412061
2408187231789446789
13872928538918076236
894080855212432962
12743943912047515790
8362531665261028686
7203831729012933781
10557200907635526364
5604656067866005945
14936610155459769492
10789982170235698366
9116498697048687714
6701628691158027429
14955456150316099145
10936349031397285924
12624246063843888543
3843665608586645551
7364671324491932650
7048200549211295330
13210739632304371934
9237755407996751366
18335549726594807258
1230200256365086456
11557099824096484282
17780066454864089532
3564437160926909162
3197385033875122962
12925357130030390122
13749763953646918060
9122903405694153481
17866424220969364309
12781453779178499318
8095062642634002564
1038503440756125981
1757942194722292021
8907593726995930463
13843364083684943496
13306691181311287293
4500916527819505818
14716247399230198691
5550297178600097322
14922866070379144578
2495735003681245962
5201501982196148062
6855322546335245874
9410980452115748651
15171358133994991469
4585022894914446582
13402536043409927064
16880710466649267821
17165217527844519293
13491817381111312291
14845303921231953612
1738589147968131931
15360616948307084874
17248273352137022757
7674882192529266379
3381160798349316216
950831180943152842
16582669403820869344
18313369206254229679
1041199645707380806
7601539923614160517
6373489326269082791
12302855240686333898
10278212175032376393
3023960881694759627
17930582713393440640
6382515494314601239
11430503840542448328
4618264574260312028
10851653710893780753
7601141935333911135
11285341523479301782
12026360331283338491
11955554330353807738
15577209035364217228
7382650092954695992
15915743660931396866
7303206747734507928
7840220343491097667
4646018671287443220
4507940935206322221
10073932491593324848
15093518605190321614
14482784134409115472
16485882223143585414
13547650542798175974
602816959747966097
4822628843582431344
14840752643485473311
10916802867055257826
14214882866052083328
6387928857452953995
6697187723469881678
5973414836186011977
6939253306476423878
5353993276668334882
10208522005362889425
10147122127282773861
3192692818118152143
16546885054226332498
10551022758501044285
5835251281970986507
5256614847036352997
10093874621256929847
11627926754376699230
3738767065331426818
18219394932327333130
18001663103779635692
7116261809991593871
17485958425418958890
652183275157681938
12205236553150380044
16649565895123973577
6995409003408252059
9969381355091545836
16511547703241017807
7976360093122289489
14162414244453528105
15251712759724872147
1721993876719060130
15038097841791805545
11229146615349638064
7696635531163778506
6034989988951627792
10580153974879219260
5452772583595751752
13497104154941786763
1863760910731780141
15691956165298487241
7710038842635766478
12188458317638355814
7977980102470719015
10361279584446940262
5200978504659896365
11010979266198828457
16762541720077305382
12448231695777163237
13226996718579397991
16763247278255330000
5864992057283346407
10869327092728161979
10212464106506520651
17817136851849725252
12741491539449821421
9554741037758680697
17759659666385380252
2843868372851068118
12198003787736812662
11711953167960565740
2810215532810744871
4707925105062447413
18162983141116828890
3423998756475769440
16911263891450878973
1000428170327490588
15131293120177825082
14760062661698029569
14761369232798008303
4210439212436410707
1390287840886805702
3255643305785441620
17400501082130332695
13068427184852972469
10720997510929302574
5340660404866009069
7433578875164111373
2048131877128289508
17614793477283559605
7357654636329285480
7906202827124882679
13806223690410784687
1025857039716467447
11239684019508752316
16692840044828990111
10458646320299163101
1416618058500661389
16938329115984637897
15234557615196866324
10227403569624693836
5644953260807112491
2434650127057644592
1151830157005136185
2690072243414515128
2966400452503487448
16697024123956157859
3832111315157496902
12288893338900355697
10904995911034135569
7313845358642271928
3670419930469784032
2203157095283435588
15275037642666367561
17218683553736495047
15679820729388868433
12958541200588906709
4967356702675232441
5847105560470359416
110349543809198615
4940996413630698627
17998541834172781571
6726404340226058727
10243453683809074390
14792417883285210444
12386772853970936699
13122848535349469175
14896929502969229619
9785459026825145497
15261990888911845774
17865217130367584005
10029248472159716512
1152374852896679435
4554212643646346693
1532944803898235035
12116486507835051350
1256469012659309175
1522957578979272625
5586270954950728799
5883833590851663934
995935087559114905
4940443234669285844
11874866380431198892
15195678561497116208
3962140643641455019
5919642651212720273
12156232799647557176
3563905984941307444
9059015134820291285
12872002516701756598
5971745795307219875
12656683930536847613
17707668418082532553
15923478598551592035
2023711956865224713
7059223472743476975
15123741079403788534
4699034203706578346
6834097262508721689
5798251879379518115
2657042789762634650
16074910617168300784
14122353191453627232
5537168702397103113
13800964580745461145
17569576669504192286
7412440287459799045
3629043524070725762
7437821028818296137
4561719675241946743
9383893006246929531
12488591444178624289
11629923495110483232
5119484622850143898
12880591090535049571
3702719417254541245
14819811204982792784
5292606137921066448
8625338305294124279
5565655867279969455
3938243436598812990
1780475639632420487
9299976248175318485
17868412863349541190
1002781991328219397
31132200853742134
1122771353049660601
11044804859216501915
5280992035574220260
15350985588504234411
10004614366571790046
7410200941709004019
5390046229065643706
1480279218177541586
9158695905797513689
2906733075544044661
16485882438476143428
13902489874082746808
3026200502639652688
8552936844499132238
1176081352533714331
12335735311938977369
8677860974056107283
16693609360370682178
17896417763065389300
14521198339107460409
13336681272297943013
1660453538580970120
329786937712324748
560125830790936661
4907281018043656177
17591025418345390366
8841909125067480966
11879002433930594690
15458914978418397620
10731540256428547404
8221850207145040728
892675715734650660
11018102198901588616
14447255044607669454
3580265635079062730
18054207500139282103
119482547707942180
15002592667949553822
10856022607677965042
7312827537288241532
2525768776200651326
531644038670141707
11597436981032418229
15319415617150500031
17989223327877125961
7801864979322710093
262321636287526741
14450506864218849832
11759522299800060454
1706425581225937547
3979737643936696881
13918628398620052313
8361976546990333142
15377387659036729558
107573408077780205
347812166269319153
15455212394679528743
13428231202557705490
15723909427145503135
1575046673189823784
16991761538398229587
892637935979885638
11090240233531767722
14173920848024459849
8356355564701327005
11252629266037809799
15715759879974667900
4339727454067045780
136576652133972401
9422194663244420702
1873934387828833559
2930957259387346266
10857843611957663152
13827729777743836817
4708272986983228403
7566596774897695523
13269024441004659797
7104214264115358670
6370240704674348166
10720913420204828653
17145507521160927760
6031085453497463256
14139528936777938890
7162956738489772793
11208729427556278812
10434190281759090655
8824121165701408890
17553848066160801713
6183583683136933996
16137103397977895181
9815008065567810372
13781116903909333454
9211248929608739697
6523771175733808352
429623627687572516
6968982967720076040
9461630815397118360
11169439763283553360
15720498865661006499
628203290889581478
3195255380360443986
13757091447320634700
14080743283902171932
4504674687346625813
14738385609976003462
16802418000407484009
11882930267841173333
7764201387093496350
10470662977367223118
8871601347726518841
15639800131906607452
16322082515990331553
11722651428838560804
9584230630802236055
6630380393881957581
12021661255056078273
17422179837339734554
10909991092193824671
3155935063698540326
12738213541174950996
11308915002505121654
11243050884788382060
9114995973704547952
16503381375620544492
710073381151580293
1501454935922131062
7504248569184426560
13946945656241664984
4058756079300786242
9589057240210146616
7289124208776225348
12212512646247915949
11721903949116692909
11254500258777550244
5401529561293564238
11068448888739280083
9973352667477632274
5777431126710419505
13845643356761371687
15253028074990417437
3660878245119646779
5859000021830300807
11569474674093950047
17873129965744621920
9089708959199186959
3804025879565347785
15081124718783871487
15100743002737468047
10526098901438254336
14084144570029556699
3755228867516349993
13502687841207042849
12606658809385748321
888875993736557297
1052801797077480232
9579984245300957661
12413115790541328107
8300656224648118719
11598472065344271389
5781967873334879459
4210904057918595213
13512440303250616736
12239640461130413512
6762207840021856784
9815832241720049838
8667020163478807434
372448807868855072
15006301126447634391
2242382121017398484
16733872595589392421
12445354424876549529
2631251508653887717
12765300228423782211
11505418958535091968
1775275411433632481
15043374745318945781
6617228649878517557
14415837956019645401
17139463680519173072
15221595969599111849
16430486809971473536
3508933429237615036
9403603569189254644
10883474052857692372
4569436421108468335
5810573854434516667
5750502871977080373
11832281798859120951
147372876566690159
1800802172642405522
14870576902038989919
1222510106801059906
420322388891989532
18027430819803568280
17051148600294566001
6993416743261317133
2860939879692927064
2876997088561371664
15654361095894978126
2851425315400137580
8876799834129836988
5025697623503459787
16827321708476616328
3884698562866221722
11515328461672738841
4433622272082529890
10637283896060430989
5445762427346643090
4951871811172872090
12194190652726977374
14300819310616217375
3728108219857585007
13813651860156572263
14279277966851358029
3961112040437945503
372289543594101099
5361221015245464895
4317499453759623332
233651600342452188
14295368062809410254
2544565875887460002
4286286646945807397
1388184215277443515
10909257538603701543
4076748119424496032
9965325997487899236
8197851289463940008
6879247516983154367
13675776858102714408
857033111315032745
4116183969265331146
13334444705206140482
5131136207759807642
11521786116997698219
5749749628736900886
14818278462203998621
7099918737882929420
10493093304447722831
16677887482979379267
16702397573002331653
8337142534218819275
8686949259549693715
4617257561782764376
14202824244190898344
10122752409614160141
1979771752654556909
17366814731913944185
18116679292625048359
3930432538426255789
3076611995479007645
735967719646260846
13233313396479595217
6654557539626852015
2917282043293021298
9972686822453710962
11504360460148609557
3645868911494504203
7889918851771433476
8239118607882171119
5743214293465464685
5961728707422871280
13815194783179767744
1637175137194135903
7471352193389415780
5889142476930487963
17707961547298143068
6536410148305618377
6876769401230374918
851525624184307648
3279750270899406323
16303925226397126198
16990207274739275754
11495637258250126533
9958762322180623312
15087197413737217423
10225054076360459634
17133966159062666985
11150786504880661906
15813481977113254498
10969294505379802081
12032727453765079145
10785575669947831745
8995910852517488713
13404970046277432401
9536356555399738270
3935137984526069181
11610568477789001065
79372229331210153
14052589693226708596
4703117908624747821
4718511474098501799
1165920370338725231
6670845345910733531
76748269110099959
15736286085679926501
17414396574837580982
10156049191491006273
12357155602312616142
9066951587158237678
1141318598822415376
17636994303695343790
6620948207569292293
17863297633900667211
1365921315857772920
17743280016112361256
6747553573104325545
13097330846238764412
10410444948957086336
2516207417317589075
858433630660144530
10889326202536264893
14073735861403406290
8330387264088631065
6541403774801613954
7170028529218763940
11259910051950515513
5539612863507591182
5396401011982107475
15501986102127886481
7450298283673405255
11638476972420478558
11177373423327460201
8748047335915618916
14264750485384767283
5763999103742400689
9532713537175110648
3856726769612356047
13860391651369429110
14860605384889399380
17359166175117192706
9817125119929320027
5619563567170304546
11863559130263500451
7443453709678263726
6171869301439853830
10030342755652370619
14461498530947479732
18013111274908853191
12475859066661825016
6020571480458877285
17572869999902487674
15639514013965099377
15911020543662244420
11857393667617017683
11058340014493486146
3034392465544874482
2354298775695495446
13057631813035685172
14110066581409727049
7631790533721554304
18290920984540891052
17703269100171712060
16232353038799487706
6814735528969289350
3597423402639390239
177749524482570033
8720880757117439311
8028217767047713493
16545334024774570691
4463679646598212076
13977445228323719759
18334475386277248478
15965362688649570495
17124576468938113993
9027823742905084453
18095942589068269317
13063856483981838817
210535049532075252
12533553057722831369
17104706366049354906
15529235033505919745
8001822676838799205
8231537572878219839
6181321413934976757
462424982461995851
9913893885318876684
681015408389113966
15479075413607032709
8519716070669037002
2837529756204095198
2210552638419219382
5657375382328746013
7335793451879256635
1256906382540737862
15903714698018944599
8517347898855003574
9206249964330840762
13442628975095624762
14085881711014089780
10449717852514873272
12721408177523785213
10730428105126318295
16571654183749776116
14291659331364300036
339143159458537035
2149128908912274548
16978760393018302725
17161031989451435189
10631768066614607274
13692640622237702926
2227122585910752803
6106190704934847004
16426658102436963768
9573409637152604543
17161135893552292791
16997663580574358519
8222894833399961054
14074849479996662303
8503010245713878604
14705174428690876971
7007800742723922663
7027083548867123389
11807819936527763082
9964490320732086708
2250149912801108795
8283045152092730060
3952986221263805931
17019853937780286478
4962219264216556025
16976268132358748566
8759495064750062678
7413545237514869803
17902927651422360589
18296234853898738092
16822334920702452215
2607542468719583213
166179421732530621
1141685017454825445
4997886757102625995
6117161676886603381
3897602455197960084
3336404471272499202
9101864569957673094
1793346158393770926
10166279887944771977
14371037470521155764
2950070943584045040
2016181875735836474
11517888578046434314
12648999894931386445
7086577877699675250
6501141544110325892
3613972959790996330
5334846514884012060
6713913753616073392
8559614165581470752
818146549892691363
12794578343487194294
5520057506925267913
6345678889153973430
13039586443508581021
15187823003209646595
7086120181972985018
2864667739293611300
13080081395785518305
8004037967953279368
3474850996725288693
4629187112028527761
9951283109032860292
979588207023659096
2066928155928464397
8529215141986486950
2652711127715931092
3967498611568762756
11016985454263295858
3140471504390947349
827087731538334145
11622043439553128030
7824101867776667762
17148896363350114942
4875108204314791234
17467315364033910226
15393097798394071184
15626802178815266644
15337370620355586330
3052843643781003746
10522909475495015360
14073081227709998728
9897119100352333750
6035493530075500331
11891697123916021120
15480912049870071362
9588458125769842510
405737163581796973
16134510822634924288
3115489641758751426
10374869416838002861
5624712601442655154
3286375667270306362
5817213866638184842
1725587163157224151
12022296380636189656
10107430590032244794
17611871945246199684
3468962096199382373
5089745569589110025
2033426717207812736
9418342770229538894
16097306359524186409
5266128026239017671
16046100409443767958
13200837467631392903
13145065730581204108
17439900863228694489
11311221502120000416
1129900476864537063
10679102671064246699
7402810345123316246
13433887352869376803
5203756308285702575
17065220698799356513
18135408346647899545
12334073234177554300
17473046835035224307
664135517057637391
5010342680906427965
9101733090038452481
12080819661993924599
14102822066989647185
2806587151000751872
848705944220196364
3829189714037582531
12172404173108787712
7830234855116342822
9768880534761961815
18337249205271994762
11430883044879091152
2226896187672932318
126900226647908196
1771849359984297094
10334012466183861099
9513369720996095740
671314591675819312
13206432511581237396
2420828786242121861
13797364148705541499
13526001071769408651
3405540791988316769
10404735055103141951
2979945241958253349
2065020822163410317
6368848944565438755
2330260913555375339
18097462334885279421
6369919228126522052
10648147380890449741
1070557021156234611
9350567678606126062
6316762779192923873
5697344754869988421
10131820885782450373
9873893162085977514
623905471138005268
3264432776397751470
14044100694036285784
16740686839827181537
12729874273560355542
12978549013694347130
14550622466902661210
12453898156549894054
11610002704502269385
91993306181619819
9560224198185075900
16831942498545117950
8542302831453499848
9312380051839156291
2046220144716503512
3558204281144989089
5599170990730446149
4701124224181981694
11255672401280897408
1553198639280602807
1349792136784274676
643775996874150132
14916786237495132444
2588243894458864675
3288862557163868398
15617511890468453875
18240887676089425528
9459864210233670103
15106460221145915134
10572743515948008920