2373112481840123402
11479751427032412599
2346528499697496678
4329612629717099363
7979502432530142827
6830308727392556253
4747778506910323729
14948110609132614208
3099458592998579056
16179871229532668255
9465039171960827464
18215189312406201971
2679413653304198345
10751240218112297453
2817986769304078369
1379631087772287849
6075736069553135740
10153061204103228389
2651743668308379719
16670723441396832120
3182449490113930231
5849051715461237029
4037718321545261746
14478861423283098153
426531215783825299
18166473513866954209
9420118045321524890
11466549432517973181
10538607502806895092
3391635793238128057
8220857541498393109
14518591688028360149
16455015024408807325
8399692426350867569
6045340469503016947
11011845723482472502
2791849912003250571
17162010770324773398
3511591644592090361
3002868726562523617
16641869038781900652
6314789908595325148
4451415644415888247
9954514827234049993
14427480134508236559
2093357872747385722
2223514899070300526
11615277079878662400
7808355351990842798
2493189306878430590
10747957959911235010
15210089976367554277
6087118037183017190
1979611479631363582
2782899352625028980
15579999524636311909
13397201050943199633
6851666946780414724
5234970628886722117
5463404272113197357
1894830120471295336
9586164638866640448
6065567691042606963
7681717644373464047
10661617586404077808
4965397724272712095
5573094779182214353
8748024940511066914
5684347536663662968
3132789542220389293
8087802586265176496
1892388722830693855
17112190521466002819
9758967853611255640
16397901848433313997
13755427185156877919
14928650891362645172
317686696600426523
9351931965537503350
7758278239553376250
127928293428434172
223691974228128377
6059016102171706699
13898589238616592018
1986264250505375321
3347584564280800955
17666127193866225041
16320635172224153832
11043579995478030557
15014854589797326836
10366733617954329032
12208532707211067908
13611481989722267530
12247610512371946702
3759653573335510892
1831364197047852003
8786183770773085775
159994779429133658
13586695175791751699
7854871251297974392
16991095323194114546
6961852370350979650
2557180168184495418
984019622870573194
2857159539794856138
1908105321981381185
10753524191664940475
373515196905208160
3853385847323969912
10649141149108333762
16505647829551915126
12986762379362331568
12286237853520218064
6379877391599915596
499707684428790758
4350287970763682456
3116454146663300257
2923812903483797978
899726953467107395
17639287419082126703
15903209549903149932
12747657863149058973
2520619594665489771
3417526149432398016
9705652309166713888
17946115935017354676
6554313589399976142
5990505273071524210
14432889357811142877
10499196988699702269
5725718159519606002
17887897075723985674
15849111556706199812
4012194550554852100
17814012126768854908
1009948605367924011
7671644494286072371
7768564327494388492
6445328986014144152
9731963785135096982
13519057612216377139
8111131698623882573
6939264109995183156
16809532101788582819
10136966050630034287
7859887582281684605
17858373897962206605
17320279912846780302
13396048483156352182
18160776588201498495
6965572312276989963
14023970337346172335
15089399492704697867
2010188916105698345
16475645313363269294
28653474286240579
9481929626008003894
2506846102221766391
8124991702526358411
1019666860108248241
3031189816365811042
17381503381396023054
11635714207109965695
16866754107521912308
15653592603308923319
11842961286977617967
18132717039704822921
5514183687524610574
14854892310805014736
2166837930638907855
9168093456379101714
12336465115353632163
9871467323240413365
2488902402232170305
11142504982325965004
402169430542490120
18324100165184185248
18225802729690691011
17967277285904159368
12132241778703709083
2575103109028697293
10806385728291777335
11682448050100133965
5444016435072356345
12932651372723049721
2560404493066239393
11332519581112795913
9334000005062704190
980656914595141204
17276475607202894681
5900174953274868160
13695118560823808416
8963854041608477517
4380067574603308882
1596588276650125613
1366543364359634437
13618261125798825362
12454097361643460284
15164408512554005569
5825638853750001479
8492727126338624586
1285533706136018216
14131363201583509140
5901683306673048332
13103402346268270389
2166757481969518521
15246857088679877295
13370662698330463610
17729760142122475774
9445834081630135895
17484785414809557214
12433521132647909875
12501005448318400338
2017576221918843532
7828617405217123945
11290917865406800861
7203552425398090613
17587259350213255155
9712694329052003680
9187279030208170143
2566633058521550602
1985852438587457647
9848572025315510357
9534998234766482894
16618347936084633140
3312668903098669444
15833327449803915809
15190462206969923186
13109755801622632550
17384445798592134930
10958910341330629927
95493228448697226
6827525884552325067
1442564158346623656
13995939091728889306
8710972180458879353
9786760404549917731
14337817148525348990
12107920196603762999
9505440782234095833
16098232806491839418
6254496913642407624
11956347576408998139
18235888521235509856
2716297021924282082
2294934423248054620
17322985881190883486
1887876795444157643
16953957771345801807
7443690150652037806
18283431510968847901
11055465944339318267
5009172092376774642
4737132572612538189
12080922570622016275
548973778897305154
5144676271281746752
5053129598166776250
8761316899824433575
6637954990529200400
14266314165468699526
16655442717863768891
12882678276758494842
15180672121860247790
17437409883316315099
15562769345787331142
6676965448209832917
2147476509599631047
14913439939631204440
11730459929123588054
1024425908678319618
12233152166973711613
5967380709266027072
17317342635248763001
14071348689249611373
15061704791538971521
10196347752105423176
1682131394957689479
2996617207046944771
15895284951912955692
4461250636367690736
11212193791915763889
13399688780957341507
1830557248770255160
1158326373838604709
16946875420544262567
8779349286923502672
7427475382017328279
6596705048460142625
1489943695725339627
12178551490548528640
18283105938130234698
8252713334733577709
18268685751468364841
2579200378696295557
6130056228111628024
10667913321872559243
3547785873454346666
1122187441333808897
12896668874778944886
10713809942862669511
2600270871076529039
14935682333825745214
15675221506041741637
2954846682715347075
10666009143882560592
11655313970068372823
7210501401270157441
12248669216170667758
10662081875817444438
14371796456534391251
4763076591434581258
10122596917442021245
17944646096114356437
8310137441580357627
16864634784070169002
5109631753872506011
4626194190059854522
16079332623195503854
14098488926763396104
4606930753313970937
7343780786307158420
5917451928058464712
2967534052457424363
7832819101551211554
16717294913351370316
3231617477125268576
3633459364295427986
11187861553876912514
9730416305637108525
5120079804203586210
11433930706004596680
5471629813283767594
7139226001952936794
14412098694463022082
5991941662616033404
2311471319327043263
7678667469168375128
5250597959663823951
2427969277329435731
9654154329103163674
1255469973036570691
8379376210201696030
15449199529734426332
16104591823260155604
18442379658323432986
10607869567106094365
16806914202338025343
4590264341992648318
6626793297008513711
1684080164509746389
8049694577808059502
11509490051352537849
3886501492845200731
18408191288839367934
7874226725766065710
11633204829736931023
7983082050184816490
4834608973845300846
7609450359017498750
6552064010529786833
5693432292152778329
1863097114686113402
7126648377205905341
17275653527614586635
880802561001625119
18434940743784083068
824297541386145535
14697762254708498382
17477132519573144321
15038937799395888868
9759010895832651590
17393481961964877895
6551104536495684345
6102055079345726599
18388967503543321065
16797824790247550721
12321287106526859898
4842630292520631044
5484885185467980609
14431465703420549271
2874967622565104651
9405949693464761426
1007855107529154691
5006015415490193832
16340038204014518927
15184025648003426746
10931689398583493091
9826744139454517087
4117553061815418829
14669185103853993318
2549976543150147153
6443853846703575402
15113646459709958007
5718143547834122208
3738472084538348942
16566299320725786882
5785837901834714759
7859683655493444749
13529228780806344288
15390694883516957050
3802132277323714839
4070498166558397691
5124033612857890309
18106963551917776187
342020103073569454
2384047520167272243
6985256040189459141
909647976243126958
10773433297227348326
5371253268543176914
7788510922651753861
5237415802204111402
1880677867957643312
8526595804260848572
4712686996334295494
11547854673656270184
16630767470390301249
7795111799026191725
11473581073017382868
2404654477064661009
8310127876099330801
2748912233199728147
16842165441269262627
13599880522027585594
10305166417593124788
17118525162583860728
7503952273240636533
13251961708179833516
1248715722598718625
6253538337907878556
13114475278661951644
10697429054415857496
1131612153882223728
6603862245130860940
341396579477417257
4862647916696529558
3439897799022334941
9905859620667374587
9754534448765836444
15838495560720202990
1810247005069020075
15941618513849217402
13514067343492683345
14708721599706566384
6986591065705710790
10642956630987242857
7674883561981106462
9579345002383187751
14726820157273979940
4048579130156697331
4834709253572399713
15517915455705362081
9852727968661372200
1843087028924670658
4472224375235390975
4761787546742013014
8944220974506447543
12021289922277369918
17164718482536076870
16794990301933424276
7554444711947694652
7378617904774171988
10997807221907334271
17187548915195879241
2792544062132629077
14918719088564834017
17739107463318692955
15274212295799164002
3342122807733802528
10023789665216810800
6749935840478208392
5457059624395274316
17526659187941883559
13659397561763606948
9480524390902842727
14491996429383985635
13127196711128140826
12397054894866771436
7240057464812559733
11944965249903658676
15391262182033540675
9278998970230325213
10855184449538580211
342372142782329171
4903487017256409815
15879872834510003620
14028389702788126210
17255063975491890664
10886735154022890051
2400472717007621608
15310678250898934182
7179694572984556532
15961596297601489345
14733395557277898882
12899804255085868446
14121722208698830066
11495753527802910538
3795194063436668618
9207487327998613168
6412791666036040529
8265179832609274930
4905530581360921847
7426792783966381556
9573663178876754596
7252273201817187537
15451433175006495146
5374899349070745146
297587387826110818
7580147552632214261
5359182884714181730
5716927866142485920
14102560135609444645
6132333241294022986
7151924976835494276
7905697009945075030
3245260709372970553
18394242171767425480
7533637731127636851
8715101912252504154
9398553784306951663
14896018305518543408
1848467357487324723
6607139392918751108
11583078044141800693
387804269881765670
12673848351242626929
17635134548118662254
8089778063178664473
2530351083141139763
10649823133733082136
17356578508714197792
1516142402624727792
10199579220151995754
2393575679628146852
7042756948907492027
1325954825154856945
4376836305684304926
13929362523988222522
10701737298877156281
15569828802549807684
9044024309793949740
11403348198337435364
1786497968351515589
11753944951329803714
11331525944977118474
17442909086680193301
2158138321145354240
4574261348009117694
7008281650595631671
2649673282503654370
13892291110502640652
11346512809070508407
17039542165037373680
13830603845313663215
10006634671733727757
13078721457201141159
2809887733708518212
13057416900896266210
7223197772421185488
9706010453221548432
11258929362353823627
4785329928026469677
847989763281211906
7580947077840237706
15647679855034544242
95196664432842937
4188442212043113031
4483078302559141606
13274734526801185064
1767409774466904232
11481100146354860315
12968458973625191317
587655308661375767
17159810174638543642
5631356977818779445
12165268378526361697
12131816786413128556
6612042067828790974
18294264429351491257
4246903543756709417
1707514938941739236
10393203309927003874
3234198463120230621
1814662351315132748
2699985592336965301
14592556660614942477
17949902737462686675
12515376226214639030
9244204109452547173
1116906317252715020
2001010975981724174
1144953024585066195
12076737342437443273
11915745128093509771
3847870791096501569
4456097115307084760
867876749061011856
15769923516278321263
7336153910809121195
11442109802411777356
11479361016108737108
5619158484601818654
4078843304805049680
15071660084012953102
5048681704792446090
11237944756510135526
9827814911345412799
1540789209672288654
1641438286630970225
5906073807400017826
6376976040034585585
4337752824158242149
1571247339475653791
6145017356867728497
15968008299905819526
11682186074407979511
15765695643990356096
7777659318407570116
8845223537502131367
15493999515880868904
11260674571790417708
8299961783849982063
2866499704812122940
13253314939934259342
3779116114090691104
13168684223381696188
8275573014947467061
4954432095653926852
15138876406933606162
6246122163099258220
9766059540233329799
7523037457289116580
4873313529659061456
2212800490715763610
17849899808369469366
13738932122105389277
8162292192820996328
18336170487605079926
10935525970847481474
5880888329737123020
4842555137045146677
10649988078028977233
16297707246483252070
6020127782445478617
5403727086717182298
9933235130488568434
17560751887320912406
6609020449293160830
5487432864786823830
8495111959435549935
8983804321177002579
5231484631384794037
15175338349113745346
7744698125948125638
5101829509087460948
2293085980937945875
13430690889721350396
5048923377411203366
10215987738078856243
11957170670481844436
14503320800521875352
977840789034663727
18023234015143556012
4469633556077522483
5589639174981786840
15121019260571856162
7907868295111720489
15261916095283924290
682618348653450223
12175007674145365368
13887206863575091992
11959516690258754008
4255787564842562317
17184888967414436851
3167067752639857736
9259873534726825503
540654776215662344
4873960154905528239
2453055361522309505
3851572898888949748
11394647346213788160
13481426932726516854
7035251898994388419
16107697341402732499
4904064085310633753
15361716992189691144
10601052923327054269
16096629344428545313
14070968032247044148
18365750023300878462
1748950459986586192
14819383985780010501
18171074480834051284
11021655763210060980
18181313611895584554
11917209826671720419
13562997939625468919
13684814192012993595
1866255283884805367
16671282704000130465
16864110296805184692
4109683888205229964
8048906798894826594
15666624523995635208
3844634315066783139
1199512791182390966
5396862878049941801
4201356567674984482
16468486701665273242
2773990821979219953
15252265913370209050
2116989982376653932
3951496685574765476
8056331595998983153
4690614900531729978
18023046747043255056
15092639398693048197
7397866691805437866
8328464749327119916
12971213364610769687
6776180948789946373
14117307132006816579
2142307993242689957
10290912716851584831
8492591119333912793
17177537417430685628
10546386002830534147
12248161537247591340
16336697349425341550
7642217903317735905
4978993406339629582
12653552676633926942
14770702245025417903
11733783340455862352
9348809119301836960
11991972027387549547
11790836262369781673
5166243403628774083
4838620823779565671
5634131473472945894
14804856163429603702
8561382020942144318
9019674548213809894
4495881055838348882
9739141854202368497
2407243534246768852
16073906692833416017
16310162074927145054
11906304701118927520
6384446547164778201
13605571010447069387
12058351593570329732
3356512736888415552
138532920502032785
8495954439718128919
7788929553836043792
7693284833383452368
777979290761824501
2545313936150038902
12067147052770463604
4043381144267538065
15815208033199712179
10691364592776494802
6675316540890452347
13788072831083594178
4555744540986517637
14917395149213459722
14529568224276618297
2450869307053185960
10723674124099424776
12248544971240974791
14884125881991128597
6155176611287409804
15051163197745462325
17379598590403712353
9077844699363937314
10329902394690634333
7056098397647676839
15972171952029941100
16181664152682166135
4881419654427717795
382902191718421823
16793728649707558960
6215550098420261279
1604690864612301885
510382377439620274
4565970475183839697
4175074549864553406
653688839340351054
13571301395288061386
13753636893428406781
7416771743966784425
17025522953275156161
5393295426504819727
2708937915261596587
3564520844665153358
461238694204641783
3144412932158352188
10222648464731418963
9862869628276262164
5854534913509467919
17710414961720708296
1376408422628432450
15064651348517754606
195271073639732490
5241600319541768584
10145075590543590648
7091685381560109892
6066058113579210272
10552253146793070928
3784405004839026195
15753060376092268030
15918642897075815293
16623118500473629685
4980579388269144855
5081146505657423689
4424863848374670611
3689204942890731841
10593255725668262136
1131918261483929857
8508052058736690825
15159334305232704131
11876232404496202397
9970281890465365819
17539380512939148877
13075298731741586227
17366104339894920518
5370029964557656028
12994378698523082539
2501147518193785895
9671719796807957844
5841251879864896613
4103154239953437248
17061360511807923599
2988007917046074835
9220176161845046620
8209369796353691583
15654599680540258358
11733000374493501249
355145119996584809
16270302164087838415
6423216879501851300
8905927014374435210
6958937656250751120
1857672077441084899
3484644802004526344
3231359916431665019
18243999271956067519
12169089852874289335
13741670441837886076
18241909556632364888
10045259283173777817
2462891563785549192
17546447549288810747
16037460846776181050
11665696083870133418
11651264213871919494
2647121110322624003
402644332445137784
1039859940089677550
13145039308189062748
2806283847674556010
207349792128188516
14084595076649277330
4926349458369837965
15434357592294659636
1519194801675343980
14954136195272645916
17511923676404514869
15946746842327442848
2964342706175381070
14752497940998148488
7205252968648979368
13334376765388831901
839801488313849790
11707808670794175656
11701319006466579418
8221785981770083872
15814822141207056078
601034510984892785
10395081615440875712
4887838276949716603
18038629027487774764
15633498227066229039
11128933993439449203
13776981035125034927
15992396387663956884
6362445913145518750
3858080311705340538
17150335019895656654
12313965838438634059
16094419498687962085
736314144566530570
2436412632205197450
15101158804621601169
1837530887095670700
2907581987604559126
7903998994359523915
6531616318395450751
15921053181230194982
492936095054708039
9452841798373716173
16300858250122554806
14950959205317735405
10838731935303708511
2585388599622815361
5709921928469728513
10300222138966408329
6071197789585636307
4337217682675684311
8509210522780925314
3519493355326307332
16217895604004193087
7248016636616715374
13454647266756306869
11276571491832769189
14373552117228081381
6991936386553364426
17179438426398440797
14340829613080047247
12398882428115143531
13850532354598059505
1784748120403896757
17934883742088839309
12748216148981694374
12747633141950829269
13786972675797699427
10491567137787495260
17784149665614257192
14824479651346794315
18165120761235976471
15893228780254419349
14636154875547035824
14983267325384435995
3207941558756663261
4303209593506887506
8291707796478963517
16092856261080028370
13659144162341093286
904562736639583346
1545096980630572165
16724189083474807303
10183511867138257345
12322701480925313374
5964370857857936484
9470926869738920620
1062205390690659364
18292919919983683799
15248770677040071623
11925391593995763227
8037515041499113715
1910369932284147886
2009579097952058515
14463567500309689169
8698655045771573906
5661870360584394427
6994940411576579829
4060288098600587731
17368102865242378092
5570968907220993462
15580044882188483247
4566488846595364641
8291201500094726402
6956808786391901859
4873070920420877936
15619197139707759716
16251779142484517999
3082046191001868290
4920361723597767605
3343249183430275447
4922366005562911012
9469146819391645112
15941283792582760223
17353828086217156582
13321522331776424549
3331470767978656475
3152058208825199665
7533302876482518788
7293663352713731691
6845602099490749788
1363949210863035286
1873716567201929270
2279947525136052471
11160086061188199444
3316648336858307034
13548229080204230286
15353184347396454109
2433176134842269970
10673707325739498124
2191228901027390862
748477284841733365
133953612953722491
17145103362434418459
15209060294513790932
8422669170753348641
16062871905073396253
15585695696802106974
13494753950402225455
9276762476165277148