4171756274671541043
11518231952300246879
11853122834714731984
645432161909468198
14179504617681739599
6519100541868385341
13853878167425969856
8356772423978447034
9624987033394390979
13362514208005901115
3295553877249201147
6062328574550206433
6515657081588152711
4376377757359587006
13227420787984415589
11724813229673418899
14777874671851774425
10943542681924221948
1307013933926642912
5265090033189771528
1225336987011532846
4706232533754930111
13826888858321887676
9643634466622637018
9535130445438372007
12347820320480171199
12781332175541046788
11495213530400295431
11524893807500291775
10048456168183220591
1406140102902138609
11528055123436888105
12179229764511378559
14287019568033361111
6907273430161033503
1856306947189365361
14805747037808754572
3352766847950329865
6680973584810340442
7523913354611075447
3182118552039074681
17571342041934454358
17496888740445377919
6064306225710695288
12724948452903478171
1842833294029801239
8107048854530098994
2668666384567370875
11257917853407994506
7219075773206105215
15729649776818276808
2185113063370360262
10176157609057448817
9960619930241213322
6070866768871104975
4947554219412770267
9325652065257903609
2390419703338320079
6397784915838787519
7490427987176660528
5875807584567120955
11895247134682562028
616162253677528844
18129651476255931281
9798672581591195955
18009140519877372149
7444186151369914408
15210683323111163719
4873485638204847908
1633359136456739075
1822875524851186998
4158295269598467067
3061762530865526511
1103107590512499343
4088715897779001994
466161920598805537
11756706925646475081
17673373344013718216
6141742628595310910
5182922509667901974
10849323664012120040
1707368674184887267
3707064102965220330
639890968115728113
14024068032876584115
12982483213729257903
8792722797040878837
8387940383937300562
16414963426664348035
15018047304807050036
17116846053104160710
2870704712735312852
1723006597692533042
4448253512579290705
16274818713366624678
8539068928254179142
8745792920510852634
231950387351614773
4881306324018940237
7971967706827266565
6458195046572208311
2049979312968285396
7711780432196523921
2981328165736913491
12974728153521110738
323066154485629533
11267344403397129457
9605289312710880429
1267780814208900703
2299348600921284407
9418943258605670700
48280075119717243
14842664999157365268
16585389575296493491
2623803837440894330
2000277475497522271
1640736395684707585
8806143527923434975
13199569148507988319
3639817798355408540
11580165500946627305
9632295329210135258
7592804726314452926
2543504631870359133
18347125200414536127
13884894808564867290
4777969583135134044
4769842348009755302
9111421389677048699
14338595172034746865
16391318618102973821
14555050237534907891
7638081395231197902
729923699134468154
1336848357252945722
8831560437923016360
8904943013965509310
10737018385003376672
17274620494520717101
14432498869020688443
6463649115230441897
7095686939628374524
3132506007981755617
16774890384597346272
3241579303238997460
4692344792148275334
13164399160396269090
2072499978601632691
15013269142990848940
5109857418256701362
14398870170305627795
7053271510901669698
16585510910454823247
12194779607732500581
15256629993390230093
982703724096767623
3207767515061973220
2043188100955483816
6600466147975041011
1691999639625537402
15131940444641891209
14092344220011978050
3330218136137191465
7768181138727977822
14536865163908776237
14153542857621519833
8208953950471941046
16138743903651047978
6380733953937483883
3195954466943979427
17174254190068329647
11197249647955552549
12971675025454522040
7412028851657938083
13705310516785956917
16950013575461828036
14027371516658449370
10068876396475788890
6587285246932527510
10187032772616856233
3865695630341834090
16590119141652249398
4506238567645144956
217988652073624122
11653824024622845871
13057688740994615408
4876682200370169138
8841678138093086578
9513030868465721805
16215232450379705968
2318995105501954303
18153647253147899446
16865715227447753281
6619010450668105804
16449756089814498485
13531392782985502523
4815604206597950245
11768948331950256093
1650720364389351118
924887433239627167
7332659679982349525
11348110998585503722
16042246488834739642
2370804857322413842
544934160314470387
16721836587115658429
4542707811027451157
12901063352877502110
3687052931030364035
18411762022628763044
14296018399215415727
7346962236414272506
1166729954003997246
14189077868906861971
9586064018891865524
10667703292011494470
13079602080885563748
15035823189018156806
10124286345476250158
9446208704249177917
2313305302775793272
12099013559124069374
10763211279256134899
6493686323948884867
18210892991207188130
10667423225926707511
10396137832811779840
8273962244628383558
4674629562807383795
3906453864405904809
6951956660741956169
2534820208655606850
1497711748388530218
4467435852970151757
9891559539349533482
14958869680424500914
2601617011795353625
3545810293175270752
2546687353998677468
6266129688844207898
17532980653490950722
17544277352001600852
13240465804139810693
6570944300018774897
10707371433976817037
7093311716675391074
18041235207323209292
12315735578052170286
14169342719249291492
1234795944159338676
12921407468980925302
3123635743375174422
14617268901096887626
10346292347483165273
5828259553846462669
1858309332842343111
8363196371120434781
16587271560293473197
930500587474260903
16113119217762203123
1879266706693915108
11486698151054840425
7779583850428695091
8637240480835695736
16672222051789128994
4211270198660418938
10280714905678090879
12605487074598608577
5215078025212479564
6259875105550012799
13608591257975752151
652705938296424169
9430855298944759122
1698019873378917233
3027409532281743286
2618794632274839131
11509779832815416238
8812043871132359471
14009664326936251271
7763577267376875451
5039266603626808742
7692046644244224541
15733948548844861456
17954295158538502024
14173873233900419353
12043138328378741296
16269577327312961790
16286778384801840455
14836318361077233291
11883431078314410191
15014020757741146055
16339542334292542444
6257251741529635350
8227535199404569087
12508148716200905342
14514209097893444829
12186399073186890189
12904276060611389507
14138180716970152874
18264585034063000564
17108637243806893492
16703957553694687433
17968014319740148427
8203142513203752644
13559900161355526912
15382325552167453844
11212207429703957329
4707886906945465098
6427930420191583831
16053847499072570069
9832242175271954374
11704513302976779866
16101345345644462110
7362972009379448987
14663154447308395820
5902595341896134135
864969571168899818
16916438217787299345
37609897529047157
18243106838476766862
8486017801492376730
14318722203582726724
3369227630939116550
3989056683305901826
6628799449879115597
859355188176412158
11178859210771780316
14810955205571968509
16412664977982435393
1021905785775082856
1661721860422446329
13977462459732507096
7144663710810325387
2315028117389732208
17552597517507131360
7138646529779549460
15345855004934120709
16299492534223636159
17497677042306525780
6724989647723007967
13205542024600907469
4480564590659831686
13782837850488879668
4039302494727372361
7379639858555711934
6510775778020150744
7861583778571426637
16674438898269396227
1011378070474401400
5212869204344409871
9900867642240806123
8716555474155820854
16159780618802197384
1353216753095034782
13007601313898701036
6840472936890597041
5865464759328649494
11115582616178022106
7847366696877522268
1763363184044419140
17472373156057619968
5710544238477451772
14256537961277290194
317894683326588659
12683424351162505555
9763838377677256060
15707041857783624
4155024472825753407
2031914973127915779
14405588528450307985
15528402454875947146
13267814934068827716
17739329393457014463
9673976969776615801
5146171828018417771
18436397819609320857
813615020387572232
13506495754650737601
7096273905649063888
4557324739499069825
5113427246469467033
5676244929190327458
13242355686558240903
13826509801534960078
9684883307749567116
10552949909848141550
18386267681507820641
5020112173035031045
13226263392351095848
153331301373025975
9440863176088880399
17148522276968298428
1037960029932576057
12499954850626880299
13113137000818365699
3015396783117216823
7472339033179780962
5011987631052771347
684633044975184172
7380769616019155943
2356804994975522301
4415657120275353636
7453150788877207165
7692805774124104028
6137754981907264135
10990187910996122379
3877622698092436456
14305143111673377970
8494877933077134787
4683214404961106386
15270181881337042005
7608139196189100244
18059596133487761144
14997037209423451058
2982464360165821963
1437579438544206793
15581144584280168306
354500085453409600
7771403650768279176
8193237542569754868
8000519201031729241
11143687508501772734
17594769307061040639
16116586958828609328
8213309790572216365
752970831147902668
9121535489096057953
5465172752642589013
17130683796312922237
1438211763390721895
4373237108429516690
15002856713445083209
1664449592706298526
4142327384171963572
5602019681699353716
4919762934666875270
7572523420060138746
8786950251482083869
5412723134769229291
13933413382556938177
12078483617040155609
8956424890417056342
7889309147315900240
11891417431672648481
1434246912602957794
1067156137203991
9742246579427816627
2925233583321924126
4046992057218388319
15454434484107349086
2135143226614204892
13471559330026991667
14324419454334732546
302227526362795129
8290406898272142803
7617962785981224801
5231240561671489801
18147318720754864944
645065900151283654
2899444433773249375
8770528215023247812
2411270385182128245
8580469188495101769
11381859310700294173
13631326011193499583
12264923169538143606
11301147039615439411
16305794791319039855
6434628124198437071
16208920501540273183
15446484471042480032
14096700229908434645
2322284515845929061
7038987291548959287
13086093702695243917
2302961291901965775
10425722642968932185
15909322841208909111
2625824113771698954
11384739826481001371
1210754549860493980
11376618848748644597
3221524272534827780
5219719266624308749
1569199238619878478
4884930222445275946
9237171950576225872
9699985982988908418
2416846675584409131
9939603215712837742
10898641917423939911
8497191469758388325
6234426226364445095
163588532022671477
17872286776236580650
5906827388344105255
2646943920493514211
3100700361599609286
8408149518292692673
5642143837529356333
15501394250923217952
12470215477142326239
12411234950264056393
9414272608872742416
1998710520560070315
1813451523211352916
6112537645087177458
8754065954878409053
7299202403704124176
9501575314274803784
942184825219459593
4741335143934053285
14239816276750008073
7696995244536702201
1835298626469495618
12053631312776164571
11412432810259233940
13594430860387015663
17881418428473638225
11376641755019465388
18365496434317146151
1763155821838584595
7869833093398446181
15386150209952580957
15268008577153374379
6748777528742978896
13119022701956365615
10481415126378348131
3164290030487547080
9991095595169870093
7501054483152726485
4275825785281218174
12006986760445089704
3426538412759052619
2998957406660828626
7840642685198862774
17670762436346412640
14003435218192731362
17308681979611801697
13984454323071851968
11731946095027430494
6956331726983117116
5308367228888459601
6821885737037112975
13188702677866274128
5984075843413148650
1566685212706149927
12804339055317417946
15529128398644107862
17785673098557548718
11070234977736298578
11820994625770815745
16075231820529426801
6902504534837246237
14925615940966734847
137960213516883760
9299900721289838650
9184185646937925846
4652009197454949827
17515656259622446379
7032451261119289021
15412303741962809285
15111752191940436494
8064723275964438277
11134622492669948717
16114828687199808257
13626591282432217536
4626055999814426543
10445068608300732511
16483471344604743721
5224639621989425045
712509943024235763
8236430374304514722
11811669446535961462
2379484064770152223
2760655555027446948
5381092122487848235
6894570051674995799
4602223655286715046
6981427943084904615
10688217558406837446
7498123229172970986
13162953346959331376
8639400895435870060
13035300444956126227
11886771293664021064
13881274126683547877
16909017061143339548
8303075436911340676
10484956588325347312
7686805379580734660
6898218951741119354
5243809833155457940
12864576857940860089
10459156961292217323
5805186143082238327
1497829290377538986
15094323566767349931
11339051674561230990
15041852618169901159
15481046337443288831
855079552769979641
4019493764368414749
7990647360482593536
16795700806693160275
6100437819234357550
14942847230695840245
3552610010517748514
11771314181679670249
6727013017101366432
11771205090517516840
9667236076552325027
10202331625658624053
17866079807806138347
12982663652425671335
9475551732779984305
3040875373088385178
14225839070016268762
9759565227673757792
9159085819009147813
7091265678213896739
11869524046560707278
12831717983585307385
13596748998608582917
13639276291416194583
6444147236298313944
18059722107487111250
8941265483165923446
17510637139737798014
967277188640165783
166850862970446151
9314824224132372880
8894855302020859690
6861175178150873932
8799780225644269962
11287296485413472276
17020730559914277636
7249914875694010798
5527561556349454602
3429311723748249818
16051790217447157743
14510608676850415289
10985033987736832514
2043504288966425991
8612220579520148245
2921661519238155440
10013114874800988355
9469842600267519744
16931408883079581986
4972071093761152100
17604799463106761008
13762748550049519495
15443329360749201713
11780619658773184175
11478625677218378340
13180423635314563856
4437258897152437696
8217878051940314627
442216627563875025
8709808410652022109
6542824318814333614
16316676571899083031
3085242626460802346
12803944066508509253
5876613292208292434
1138773586748389366
16715924372719909718
5856998231092718237
6937407555647467496
16379501122475660874
12883773506787394493
12644307433646615056
5157077904387590399
2065744581075238738
10391756914220472346
11952600149923643481
132012591552275771
1067710307392903024
6924173417793945340
10041521899573352613
3964746038344324449
14131714879526636091
6940503285352771638
3354904931425804191
17779914577170970868
9324789085486250464
18304177562164937606
1559045203708428447
4511829744304639713
14637465980502998692
5009015029210294887
15807200302133093734
10381487577952870367
16723597927437590565
9833071174654428569
15212894946805039778
17109020516946058474
4924544541005298343
3832479496009586296
1955718101454944106
12084147187655718016
14456765056377551119
17759576142276282711
15219937438626304780
4622924485949984121
8863976304435899083
3866974792764877942
7478008973832547770
17943081057482071402
1442782761902694857
7264493540276229983
16690512791521000555
10658542696998263598
1805767228961419040
3270369063184901608
16953721813763815714
2919578164600263625
5051412472577687767
16672118558960335765
5613376346478821314
7278336365998462371
1851054124716332824
16638898973265644239
12480125983708660305
1013212692991769572
1575772422038210108
713401416601245229
3432289727425713285
9823831203657943263
12125360882967643454
11897724105045131964
8218430213529350956
11584699872875123407
6649292288399565537
9904418329630503030
9927295518341658681
6681527579203817812
2064702113715529553
14979639910639998140
2728311848240262328
7184672357992273966
3896144415765162377
3186055094365425435
894788547422562452
11857622704048453269
16058026217235014295
13352339772810397866
12665217436070982601
9383061482055674636
7567944283174737504
11652807221068990117
9733358080373361517
12909924685635795718
911579384549289676
12264086129753334124
13044132056671277883
16589154928965022581
7787115869037526401
4246837604792484721
5608099466964309981
2802198129125621746
3574316144404438563
6721648696451050266
14483746888166741713
3741896050337740859
6037701501295693457
3671520011415601297
5411389619289958962
1138330474639027080
12349243863417306920
8889280373423249836
17128641723637410663
10460931223901274263
101112586133163576
867543436736617892
9294353417390685734
532931115937384944
2290245352351259681
14649320013272223932
8165835285623677483
1662337343858231696
17362605389325931943
3719464100269467939
5298497364091075144
2518165741485443272
9354622064766698108
2388866393910891508
9892397775844734349
3745703917874538266
17009264815143287341
6487554359915796305
16325430830866687242
15146832194377271763
17972971784940701857
15645511778156056070
14573328067517526057
2120898800352162531
6871838386850359691
5230376406164849049
9936095076139035781
16698919081997439151
577957893222367951
4051648100792801258
12776361970044792496
18359863795828891561
145594231338503679
7948002124819976787
2704407250067175652
5294219427841496600
11939808412680923859
10904180909657493956
17390544805370003640
13872097408619249679
15538956899656339132
10435777168026827796
15840225120614144898
11344590724846066894
17552013255807026131
567116514614324847
13508044393535513545
14876960912541352598
12796855277733479082
14785164598725072859
1494084212010064201
13385861094197517250
13085233200248539863
5571138842526424660
8658582967377688247
11301774029905555057
2298438883941736250
10221044625252271533
17488123457621888499
7804992430724949101
2404645596213918571
13982712515310007157
1820238702861936706
9215307181625501981
8425432399686812000
8268386955701523450
10259055455831843176
15207485402298175029
4230474611062392800
16762507966680629096
2984123433256216508
7157357251183714966
11563315861472428595
16171049093331523801
15583519133093097193
14277722526343983104
11360803055960488820
2715559228510907420
18145235227035965926
827239698083473021
12775500109679580394
3218765097486493288
12340660092964918108
13366412356016714330
676819641111335108
11845121498086718257
14481472843384768398
6338787020850150017
10558942336113992785
3268891972896483136
8350446066381616986
8515635344067129028
15120272837461397317
4899351359567235162
4178476986733781675
12392263633685018709
7036566967892566387
12363418425135661206
11888814556957332766
16471836029375572522
15836964641564372741
10701300053732304245
8164519141907854489
17313727251249958560
5672162302763597146
7103566677366827540
11941316121668578517
5721443491770845400
17645617855401400468
3911672145633656059
13835481932850343211
9364388647109238855
3478641794537290837
16207207207203419634
2541052308394348091
1676313390222393872
3666340601766453588
16146686171011585133
15383868531148541728
6712872081082068812
8354580963531601843
10832579363806843004
6342185381066698119
12765096289881431178
8382912791350767408
18414200955167200624
11337824137140378555
16718341154941808698
9330887923089449079
9508567311955613031
9852060562331951473
7731915225897498753
11704787983226045236
18246400515177738857
6362933385664127353
14579105239872948388
12150050295328294231
10431274457194179474
17129160397645961168
2614872165758365797
12604126497998126088
11783334093556527693
7467688661379167885
12165336283062383213
7375893064708541027
2879144674447133753
4023444261247640047
6546542440299905276
16564081355757927337
753544920946263750
15784380194935502639
3876574801082081217
2273124902142997122
12730580061832042618
11057261599945658241
7237688600686641359
13152573790891605698
13871215141457896247
15486012561682374902
2738100587255973314
7797397661063839285
17738566823204236812
5770660647948806012
11879702594831079945
6482849829469653055
15747874620709770036
5788658056652261287
11622391939600173729
1645008974097221465
441028005885307849
3118429552119711914
16931815989673585254
11045810292819688524
2961247094392504219
10641028208465764432
13383107116262245342
18385066690350399509
12564316982591397347
1450843428027423848
3002419732034265077
10358546702343630535
3129236137085068318
8487403220086426300
18275205368057655752
6311174477664863300
16759147909112877377
16138931567813324792
15377972085309512779
6106053935896985691
16817947233747420374
13590959883572726750
11454994803983756503
8856773055250204692
10815384476672242118
9785724511994822460
3733317539925937523
2576978328061767380
17517883904438932284
2997149102238611607
992688022641877630
11934333836294008432
4098784076980325185
7332310937527355532
9673806254252535159
9318142033753977250
12213385567737731011
11157147274268440398
17289810294396759772
10244471944857031568
1424027261391119695
18402820500364080688
3456782335627910809
15320900313110736726
9576447084152205163
10961745246197245994
1660055747987612670
14627455111434017304
12468612450538785749
13115209127031932215
3850691007679816063
4055860202801390502
5015395919258430993
13086607886597504940
1937347182406513219
16071764104964108627
17730930767524975001
13982622668681873133