17413892574911811211
10939370118982281831
10815821170617938955
9149219547021641392
5540493141656656602
7355665512957954728
12430963566670927010
11749319076846216350
15601089883834239183
12174783682066103207
2067950431485302188
4013197847167780236
15371756997618708021
17922050271284180954
11630632121358571479
2742360125331606624
12211747434647964018
12171816793724957282
3187467512904152196
1724698525968455642
9946008111211072068
8649000162937098107
7686625517067632315
10013784522237599024
12866913026195890638
2066529518453877526
10596851681507309407
1151036106669885264
16077919918946132570
12862048803071743312
4086093673703694744
7746319312892135058
14182731282557100818
4047837165743912953
15306423114197088629
15672936972776939964
15839440117121401671
16919061727294951653
10050790979908541212
6968399744023937693
6558679350045346374
8220346096289229851
18400533079309230444
12119135280537059000
6394871890977114795
18324953604387112812
13262294308370619965
15041922536943403290
11764153142199439439
13026231625906856214
7787253701939687732
13405868678866728285
9938485347645598667
2858896226079890842
13842481825606615213
15177335631436826159
6334833879401873991
15308283466691605108
18052571114673532442
16420566064167418386
11682081247653482627
8498091641650440290
15004955164946556855
13195177161525078275
5173488487724152365
15645417490590892179
16133979261847811272
4212782225052063016
14666936863273928156
7410415484283402848
2270901416983502391
11915260139309524455
5888341873324417105
4540513882133573442
9663408373602070885
6906811443491690138
10647688925143908643
340770525130547963
7427559463765303040
13235864661196192940
17081100565729673306
16176636975397186222
13802369877926119912
12376439460959124641
15094537555180663189
16781002556191111211
5496896039275231901
3423956509521676061
3005065398639096327
6387331460561676976
4011615869725145195
4756930708252872420
10818596539620704913
13961244787487087172
17581284079356641891
7524212874789901384
16909486919216213322
11994622250043255447
10425363298252004003
7344408561248831916
16067485741783964589
15763479139060412683
10060440929552406194
9313444701255280604
8760006494256853261
5401269909806962479
3671377701575310344
175678499152989574
5080717383142690888
1919179501655263475
7722885019388034653
4431216164710984450
1240980426450349243
5922123253424532775
16671349650602999411
4828991099026169085
7539101093608912160
10293316542054519905
8601612959851518900
10276959509317820127
14466421499160836860
13208392110659139255
6323910294511605044
3614837481742455953
10289738075884456961
9147108352927356591
72350924206729644
17481129954389920335
2467920032076536275
8808388046029676580
12985711817467206210
2737262189964901374
7693685074422919922
7569341711349099687
9401947907787727153
15199538702446378612
18202083998734158912
4147763362204109650
4542471680761749011
15570790550080059132
1741340243531114554
12632793422938923205
12969573477210671001
3512790358429342764
13336546703671390005
12514664850504854542
8471831402616833949
6798618597392331811
12895517144418919570
10250444446252885490
13585506842223278968
5187958975775919915
13814987747701300094
2322840403091286070
16972590655155348547
15115402813710563082
15144831058440066583
6762496358902252726
6188555177915307935
8950153147125977933
2800515388589891023
16422878641722752310
6115674577053856807
16152295187844194913
10624387869631210641
9873797905841135354
11699916936675879829
14515297175222803506
14434020921738271215
1026789635598927804
5262555610437802501
4468720691944371615
14495523823899794593
18126262225415831059
10285637661069005078
13946992103737962084
16054478058677142447
11912697546796701937
662205413192624441
16436092817730612830
11711680179600298960
14557318785463341292
9134706162438452531
17379410398272042581
8008394318682475307
10074631516173328415
7220930905279166697
12639674342932626730
4272523109397908822
11605633329667775242
10236043642351981881
18089939713957882340
10637193604252056337
1350310210220872949
18299665222420630708
15465559288320099464
9250489609347054235
15821855012348766704
151536474802719014
10020318903109764290
7756716633698548128
11862023137453826705
17718053063823228944
1391798409699745848
14134342917534750630
11383928617253853879
1557789993958260532
2826660095824862434
16716395800296003707
13433407574149221834
17906522611324857515
3142794095173092059
15017592808941929789
16776522944176547883
14174755319857621016
5553468286260273484
3618466045354995739
9015826607289217331
11017467049765946292
13092628819571113021
18099896767909962471
12580988345688045926
806883543162108865
337859885903819667
10397987553164598837
12651998458313535306
5053871990851086712
17501588149575015974
3371240884101963373
12902285234241658734
5070714262773281328
7359867033142778617
10530846432511782880
13551118924668929680
11273354049267218080
3208950366244735047
17347190818455777094
11353564246651983301
13075017140480806467
6882770977056435505
17101927885839442366
16316337367419788852
11668029019684995959
1157757306107257195
16812737582449951360
6180373347123836542
2135642280390401615
3639207930052617889
907421041333807341
8524938121021920787
10536356759914065051
12219778731546184375
17902081628762747838
1450407278499823982
1434224179736468604
15551827776506679323
15021137361450110068
8968223695362536594
9588333227069562397
14635122946518699239
4787160048670166606
6375004651231867636
16075261151623507523
7641727266170900670
9660475238168040458
15958350011447676108
2273477493990802491
6774608589396894541
11526743980799226620
13872717637168702733
8302409958791637887
482528234404676500
11944605743451056259
11353916548667569670
4872192584935061350
6207538267383356142
5083167400580652524
1545264260253366677
16990504853971970196
11854502927220250295
2225821825244222797
8886879740749000147
5780338920576056259
5200232000084103819
8841517860710752545
11463183065973896835
1001228267638995544
6419641921792716389
2547384372166974802
11384990732018015447
1470041638615572283
17543636945397360466
9546338084565783331
2179341972332606303
16564846936248955448
5223061368932024374
3806303066892791271
16585636201444088432
365365327140834958
17570147991610426823
6108616845868793930
10811900448595404707
9809045858109785575
8312516166524894846
9482089916742983919
1600595541054602070
9823235863500260204
9083306296754929517
4491724590613983944
14521198660819382841
53229558165365050
7170362661400333949
15958757651831625530
11378804935165116302
14097784555571403296
11500966199865751601
15425637472252352675
17318837184933441449
1680359012499390409
7679561451385098589
1049945421815202473
7903863842691349188
7213120032922051841
6266213385254329246
17369587162897539272
9519715104660633352
12670031396926620532
9580434301745844557
15401325284211384049
12668176589730782200
13041561401447179501
7290821232262791566
832049193201614342
9814466028902865472
7106223406051205575
15464991368439358551
8789644969548145760
16722681084080144945
6185194228065294880
18373606165405919141
14562405446902980735
14761870409770755483
15707465791380010601
13668830939032580731
13424361982528961448
1889227159066098830
8871906868818166821
11183498354172753282
3523967121512214583
8514360804361568237
5854836161827340330
1814720010213187920
13088478606780076909
7885551796172169177
180086213263355844
11590399382114484907
14259316589572024739
1590037332173347245
2545793784063086723
13104205405099624907
14887280601560927345
1152946202915664028
16780632385972848630
14944603853950444383
12759256267194470950
2848434940566792184
9718367402015657467
16538104950738239494
4529136267129395304
2683701684916482348
8048063333986996718
13560108591014457098
12757134526915562932
14697653840527747321
1712840544775835688
4406973543343008307
8031117155689910801
5978081788737420394
9439445758418764899
503387616839795528
17806718199221719424
8940150555449421135
11818065990825428237
8179134100703780368
17019262537869961529
11359932783263858843
15061195392691447535
14113927199366958811
2226494917266086615
9043085225789207974
372776807229493285
5892490380639399920
7273608709749245449
13398192053081157307
14916676616128434632
7202077620758482451
68400861174344827
14838667439846242393
6539451722755574055
5552651099395517858
11318023451194382623
5257862886870136297
14288484464852295435
15428844165989146970
9700360752831918883
12398364047813330109
3007896324625518437
2299762939824041967
4004648068555778620
7377427345514977642
13826162420839494898
9396871935542207151
2043024058377522232
13391997361426376156
7786446613887179820
1267165350042426570
10356928984738367872
16381587603768052036
4667709727058738782
11852637489820863073
5412896586865389225
15212319965858850860
6653991692031729209
78919182624639825
335715261162881567
6247668623232575639
12708888710745237241
1012005163541455010
8372906034186738251
7269484902309688183
15984590823036802551
16892372424880660512
2067292559686563469
6741239241820020750
7198260733189533910
16255969079235966857
1566734259068951949
98265683722455920
4320349103784540679
2361716274280802511
6047030608176154800
5577742088684983808
4977716139702472594
3081744719050244062
7069735595128492085
4430354440722667971
3352404942993175939
9070831538968514332
8079384635017156400
6107206992912464822
16332076447995637960
15170960992178137532
4911678002128027399
14930437137799818843
12663138727418889686
15363250029042923810
9064709873496189822
6953333014224658675
11654879918701384849
13985303090279715022
1523045898660499262
17023779818735417717
8232205318544805706
509213990177699490
11283112652797664432
9519667388305930706
18432360811052793564
4182381984688608185
14213353644729714425
4458635765108576850
6001073432810165488
12979852660059660282
15940858314688742179
17217052859753572815
13365634182876856875
12743036286556983975
18026664267023245398
1422504827937778661
9653348395606028445
3006923201751288944
3649468620418530520
16127180633774295287
10668588878734210143
11640697727695562403
783314192649559966
16824295430306599239
3944836976069602412
17920571984809722987
10700042338206070498
3303218802797581676
13653560300331567010
15034742444347279364
8796091557757261117
13957914090980696883
501452024401378006
15690235200558804810
15336662008258957783
14449513229151633583
10918632477309787735
10154300512068217476
5940528129338760012
11219055320290194329
2772293960180850955
17383292655228764780
8583004255559237399
7522801338424553329
13634860684169340421
4514890980079814255
16832494823338916450
14121514551087918048
480259124531805623
5197355460776995242
13543592872057453600
17833062861779138898
15107043485308119403
1628903176651246103
4272452828107600668
5151516603390400999
8062662682421049650
14724491287908940019
4589066047971049693
3908984883137218320
1538826562765218246
4295224954023644925
5654812676403330214
6297484070079732185
8051483296085196902
5477153865903562132
7273158086151784618
16522171844054042234
671697806476458124
9285483001472731335
5090431439258476237
7855509621025784834
1862199105859442292
12931140968527164533
13640864601219420587
15551547295871775862
3031368494971534966
9894848054547236649
4668550837552829967
11163949629939652478
2055937771843659216
3699731508966501637
12183275302099311830
15585799262331181286
1158717662871957993
10446011513996909693
13317133272598842760
7525946383262464839
13146411194603712517
8526820387655704330
16983503244442867811
2712737710902722688
8050058639140239762
14220010044544393529
8486197556281012618
12115255317358438820
4046256276485923649
17278575388693954956
12118290781718752039
277417957003603878
5206520096095566321
6843327047333637705
9464501310839807450
10731132966238320274
10287237804829825382
13766767358828486651
14132943988232591225
6780122121179787051
3186885919064023976
6318171545297928253
6177336706444519684
3532415237643450500
8465565267819733242
10647122375714230989
8692325492851377489
17199475243114790739
16037301102687108373
8319787956297349545
11282294178537390773
6079497842120527808
8449925186166743164
10553799192158980910
3191669888688891741
12208229561070122981
11363097135120655474
12496135510684533251
16699891356434309420
1000073773585793162
8038427972860349603
1039257580666983023
94321695428948214
2897944400373144452
6730955400185570442
7456499339019939863
14686380472272000797
5345453247873530204
17217345470010900467
10141835909064160228
11607511049738502165
15913091694916701355
3847789604144556382
10804355629616899943
211594719531195597
14612896558080289936
2959797179304303714
667278422064104336
4316750593329747987
11020991704867722028
8980791575039661355
9562402135229506041
5809229336806055610
16506722321921059632
5622607797369721288
10521523098469726972
2863518321721084829
17744114616450826484
10491343394714909762
13827830659836875124
4280925071778640462
2988579601806220678
3044134817628353008
11722363769301427018
11129364512169779217
11845692564679155623
5345689424071973348
8713440397412811270
10414725649969090840
4451836416300845065
16078373891847979334
11733166333695733298
11524090105057625953
11322827004433985261
4420876105709427972
13458000948449078869
11805081942210225112
9429476915208404157
14584815570040573768
14037324217528555755
3331303403962724950
17909305413057875801
16700438601281856562
6766661377129549222
10761867103106015887
15603111766305428180
11728818952378560786
11195474179091742062
10154928328303347932
5331629096700339860
1410258644472648908
15771261530561543068
18383051313314184905
15682890398632580568
9780267803138243816
5439059718548527703
495188230163657778
11945723207864263242
2864882950073814305
8890929625548457067
17754743478100996412
13651173793987515023
5707269818210856839
8798969022435456819
10180402097049790026
17045449323721242937
11534885697545518207
7114331523258336471
18064844386754417344
17201358394056751459
3511059110595127817
4438282113626774510
11462234148858985460
15740145929318546484
14539133469367513076
12531839177336591629
1710925418433894920
8852549842022521301
16711080005737998592
3627872008890977063
13126444234960322695
13114042523088242153
17399171612063164381
16370117403587792324
12835545071913501579
662087535853885549
14642880429403061825
6822121224335442668
16756625973527601206
11240149102002267209
2049695047118619216
6481384789296920736
15287907816317669373
10232655866614307066
15659768927648966901
1864781984974103315
967558850154053064
2765811897078923699
8034325973837009993
13529744563480267790
14786208264054641251
17164928092960951781
3238754348763975561
3814700291958486174
10818018148758930858
2776176641918541732
15994991930490661191
756290604672086356
15575988727409132374
11510051022933904295
4039085961635379715
17263592316328320005
14279190688256856622
8888803585770050823
7795357110446052830
17020312154081934841
4443935566564303532
7330556023087325306
17320224311464566970
3365854160786549990
15857140784868630527
17425646754499106706
4769038383537087970
3932864989822550627
14469733664879655274
9966514676006188485
5097393802171457679
8337171183171821306
12360495499123232161
18372363052893361934
3016358842539307415
4075817840958678396
12928372298236938796
1003382826337201205
17283609535533540172
14143454183559010997
2368507926030149601
14723610889842020225
13874154873061147797
13834032310186785301
3823126243705563072
6498472919973757251
12411627403699280073
7408279209897415003
14826157785936145084
13100170644459733196
4585858797142863825
11464813255001471553
16641118451978200982
135393258320705722
6248884229343493007
791493380719864568
4173145549701776632
3073841240122171315
12509159966943522600
14454662545340944271
18346794532752897315
10328119081875235180
15313101408313813007
13202253009684625059
4301614229412544032
5155297910336017940
3694651692154395111
6138833445814439981
18370049029073445900
10158537011926188185
12933780842433506371
1374127304309405317
8517491057742925526
16168269815109775956
14075316494794087837
1100011299347859626
16066021027051834477
6159006196596540609
2939491690489628644
2429029547402150590
3557719618823042504
15061631339368801758
1227904033712823448
6037475113770647184
2702163777499500727
3168671924096314401
14795006318036657656
15369463564569291606
12972822268571264516
11871153408281231773
14231853921287889868
268510750711007958
2996322735725757720
4499505726211065931
3549476162850786201
7610488921523527391
2063061586231442458
3284985590870744410
7860152400691373306
7187335919276614640
17497360224950151426
15191168978186432820
14587702951392465528
10319057756294188348
6444151178777213619
11507565420543935722
13260327171856210987
15849071678128916742
3790417904416200550
8280553733481477899
8474665933886682340
5617195456509933157
9408304722668406892
7563821840035208987
7484816728900562009
5729718151471092814
6257448316507569040
2420316929998789599
2254859530240695128
18329576331586972145
10837133967811620075
10558154569993742409
3431760146476472029
17431857329017239308
5311889851862508879
11438934873077080748
651106505328660705
1502747177808424552
9093997142943445622
3906218822486881343
9148846948794411793
2800460762183156965
372558240277707084
5187670471941811556
6599773346521361676
16177586692357507482
14759655943371680995
12094174360101138710
13817304646080249568
671596427773874826
12361756845205158862
12530090926348110012
18170695932921322587
14026120468002807992
9004882459522198093
10825802763051996142
14014144666572460780
2963559477161025041
1340281496304956191
10463893102775431947
6013714201283403887
1011563038295413053
3471454992853711122
12851407516952516639
6081918963204443119
7711040424706299212
11635873114892963089
602387856071774601
4140295192902648557
17137092159167143278
17510188362572281784
17319185785884724763
5319855224633147609
3634017622964229007
2666674582253999044
18331912539295998274
12184322077670873325
15764077296382337425
4685614576698598730
11868896885382938629
8930438762680228343
2228154174306830133
5859734252721516225
13015749437493251850
2136685189151083489
7103700747140008763
16903282108054996977
15366003294289609873
6993286894835984451
10772666760260231831
14937131504820195522
1380969014051899411
1673526297440579798
9512988610399457974
6087861288336925514
11375913524509505507
4622413329980156709
18236199661093083902
14049193049895365797
18332897859236059825
17647505604514076629
14930010418911723779
18017560738454089513
15334292762117427625
2771632705033691788
3046007237230067474
11324115678817907115
6872819004517133347
12786046494496695648
10401012273645618943
14373707919862923700
14814628534083915275
11273342576348708616
5901787336725542352
6982426228833336678
7708735540309622984
12762621968564099475
11660123646932065088
4454121016623880546
17777640710806212972
3420978748931383980
9119163541990717944
1032805813324443279
3109348896858704910
747939712002194123
7300000999083600651
10596880662691461013
2755212716919971333
12369039050064690515
10629042253027318753
12667466661492163015
4852272411279529386
10539939356699449809
11383465415808058315
1414195600923129416
3195376105930598009
14520615144310931429
15667915710721416148
7044446265631893448
10334713513849354037
11670854606836512378
12912774212818667599
5642827021222820590
8968024049047245650
18265970692393506048
7613779779607996730
10511028047557070983
15590397339105442584
17930038194333274239
2838292480632929853
707329896346591189
9226238181940245925
12064756291521596878
16891240899779500781
16355837991913322404
14296657176386330439
13182869647719751038
18138701422563457870
15616488752498676521
1506146717618820184
14491900727546209601
3305896698293663576
1580528898641602316
2403481537423045854
14374863051484368748
1978082289437009948
6163940780470129461
4385065338055333427
8466148860957007957
10039957449535336961
16349377841726470529
4112798525067880157
532610802646205716
12823712775199942151
9380367958358675614
1648742718327039482
5537396780951777291
6395498972291779132
16400077930414267851
17563036841681906354
2140101551344928644
9068172501372055318
5530162423588791232
1425178111378365708
3779127995500932544
10009394524557622292
12494290699585117300
15294901833930856165
17559817067332192889
16598843992345810578
13093256366968733959
8822057602222422704
11490587718246421442
1706630438008872970
5186555683063274850
16522869497395935624
16706869217624641057
4379371207771773914
4988083801659115875
1760816612708233220
12616709040905930200
13409850216958453543
14569505430662734011
13434542079288170623
1559751948860170145
13928890285463672699
3820114504959690315
462036533224334891
15692715589402579364
16106955486294673554
5351755847951272299
10696267643414724900
5985272570150312697
1212177500312008545