1814676015822548863
9634736358186394170
5094283313409127328
9003594240892002125
8755778935909448353
18073051865490831799
11653856834846436208
10006910267873893823
1652637682404013748
8477929020414706914
14475597051097022287
8219837167318074085
9981882965585383451
10825293252204219740
11671361678720936108
8976248615562189618
11336843317604907835
1142891245666748768
2643033431517640349
9152354677006804866
9407792611545449700
12649633106235838673
13357848113858825505
17133209918411950934
18064392636695602811
8477834683670506572
10967160043205069177
6768452921097809909
10591402772604957141
6719723742685737981
11251623904791992804
12945513922369999889
10573191786454675823
11261051864203671440
9422697586775190255
13770560300294269595
481737014881945282
7019714885875128335
2137308088543610156
2173040709044334603
6497011203540105762
2740366023723131479
7229354941304573289
17632474982178374243
14828917259465698065
15694194712586080340
18196648105601985236
18237172456161705216
6939663972999912227
15305495789908193239
4865185279103877332
16959846280476933111
13064036776419169433
442646455010415498
5046143917860691040
5637890701598502929
2969194959857437871
5220203540654711553
4664739809727509575
5494732790606300037
12043921585553183529
6335106398151539032
7507527380998123101
6177305749539110415
12598861531524150392
6397801065983626220
11327612645840246351
5202946801724268440
17323699382844158613
14229454554803080894
420508512579967040
3740604575538963348
17766259515693230834
716058803457892386
11480413495448829209
6401042261446795680
12671936358773105323
8587176838170986315
4155698093120429336
7903501143914922986
17507268661112365692
9091029259109770028
17550633988873085812
378179063255985036
13728699382298988840
1051677250571435329
10948148834077325054
2826215364006581963
17310990808052459706
6106544920785134629
7535295946183582208
5432436434104862862
6350292315169110775
320047859438439070
14421570981915817399
17937096964947552203
2070581014627656341
9784809230494841899
14533105485336734518
11976821555839378324
14523205061262387331
6621690379441454299
2322494814882221519
3759814894236217284
6270676874555098190
3160635591093856484
5307050764581443625
4064032708292325847
6446397313715607746
12510050458431747522
13119108022861777886
15447732971511456951
15907244197898911907
4615600453169246470
8187482090337435258
14334987095379172889
8313339388951475645
10997686018625579928
12450421657444976116
98303132509902986
2452763647090572542
6089789008780017287
10109387373432237652
14883798468174290688
5673410597750713454
14418464572798551060
18065966571887412362
7063737586606011314
11580383056148938703
2306729529453212991
8191354267527091746
16393802089675739012
4175010122534170163
1543523718893754331
1698753527545239771
16438359045641632858
6287348793000597768
13968838859755735707
960109136822104560
15216691620056558806
14181946965032332366
6459825011270541583
3415187795740118051
5712354759267381690
11367797968160544010
12980825005210029804
2654451523897202898
16666883103277083677
5240987967780736692
847072569576355106
7637328179552677606
18168724029356914240
14863372635707146524
16925899602851465437
10074077863831997560
17458487650952388836
2125968925943382645
7602556407186371020
4606268234024360812
1101865549317636593
9673324358346581103
11400028796490515935
4696726916304239861
15170970057581025108
1891299481517590944
13610366439723503711
9036599106704563272
7415373563126618822
15284227344134206928
15881679968076369705
17767753991233124921
11401595988575903967
8873190165821752422
5963902617240626865
16249564593635599090
1180474198751074885
13809091321577616885
17288449955181030850
14632400893540659845
3860773376035076794
5106596825737396083
5011927497953876065
13699175051760225520
5264394182047203522
434852399643195417
13859234318598542085
7258086518187823551
1014190034611417972
8578989789014473719
11695649689277858248
14756086706405148957
5472299631182623501
11695572285358990159
18049306791464197396
6357305066250190718
9379141984940903090
27245609331637454
17601061394684536721
4467901261843311196
8396964720806504684
5969143068126379125
10690250395851720454
15631237151168365744
18143001633098905690
4017588598635118813
13100356015831219157
419443424850059548
12675906434596354431
11397241187502173109
14770731075326600191
17507292641071342476
8186788400269357452
12967455987646321377
7503049015941237303
559970895867424761
5826605697323687940
13643711536284614310
10868231545533027447
40114015423208878
8490263846972823939
11149316262345559838
18314647458127534408
13159225265796069245
140153903340084194
13724058115884356028
11869125465549329
21294343584565394
17172730753042576721
18113612598028434890
11305234132462044262
12184924851690274827
7370322005660216680
13452384758722523724
5986891316946763451
8688311289612000289
14268635872274702302
14809891693528190279
12817523117938762896
9282552704400379014
15804046288058336210
16731951677298292910
12801913911221756598
3978778231894841033
5516453346920134139
945121061607142341
15219267626907199338
1247714776737195729
4353119968023654375
14013554743389003133
11776573455262392232
4334074664491683788
3747564799779719370
17402434253703964408
9571648042674139272
8474539831223823050
11976379073492297920
17738190261312564153
10291219219390284879
15612771479773481184
17588369460616584505
13397464566266592890
14752745749373118235
5423096800503676059
8111369463768237207
11581440413021736591
17726081793400596640
17858508278639839261
17993766093840167175
2679698491711889015
7308877977791679484
3428352562514226814
3424895329986154291
6944186160216984017
481190873742493822
17387412656728380242
1086060036624538966
14258734290175901919
8099060451325486429
10155445607547640914
11526529064236792766
3173178578330820650
11839853268453175803
5290568162139127130
3787636607491445374
7883489978172977357
10798449703048505940
8874142508706299184
4951178118642949229
3195190731979795696
6668297013461420420
16871999742268904519
8058056304167245847
16061357927818760615
2514641326959629856
13432670825469955179
754068612786155739
523248411023607776
914246604715454035
9911005353100708076
5019868154427479197
3386061432425524487
7820775477947525027
13608178121131489263
3897158164196970806
8423337126200555250
1079349092157639645
6953452490503002276
5563200353523614033
8145528614123119518
2310461045585281935
4744345798633863159
17718303774565344339
12114243729799029216
4941513538841613888
14713772844865017517
9964844377401229498
1664386416957100065
7595148723610058881
7288900647745193282
13427982966509112361
1760597278161028151
4633527781700505076
6955404816536040474
11740083751131697261
9963145679350188060
5299267036491844404
925868876187536485
4825009436294425412
15610875207587961315
8922233531539831125
9349228568208068737
16574714093790379286
3462714008542842846
6683848766975183303
8452556098022794052
3725938449735741795
5543751681546688315
16127676928239291509
4719266251469644191
10851219789412734682
15382243257670317585
2233434456364605547
3380508311612132251
9491110256114311710
5493881377888939932
3260637605536895301
12871127968842710909
11551804683416581589
13563440645145676983
10734104182146538190
13258811479266650972
2271010661033859304
14148445269554534175
12846208586099636363
13222519679955517136
5482070446156937306
3929020101345780815
6738225818575446885
6081952298033455978
11073495496551552577
6498451717948690961
6141185726567520574
6380906480911240742
4626459368724701003
8935966518578740252
5585428303335055060
17895478614650515307
9323044504882946371
350945318967835389
1308394947670872201
6948114673522969532
13085430521133124076
15970577407636174392
380727404228759257
79075996052657788
16904163339308192212
17759507141057870679
12684547883830267438
5642169097208202909
4511697311914333719
17696949985544235337
6382192318086630547
14473765969129444869
4903957221322526506
14466890562373799161
15708911173150657940
3461165286836076902
1608214930894511469
10904752778043208946
437054442685458519
7502301441469894401
7541122781699831982
3422931372031537047
4905931526640361703
5239192099399817925
3957575970048119511
4346557107227815899
4651711005517049088
7917441335398660186
6934169698350133310
17630853948745104930
4946909658374474115
14842444699434771510
694590043673884426
7747741385155267505
11830293880649899297
17414298412703558487
6952150562800873194
8914665099667438871
10092097321919156324
8749983187639469271
14141818799551141615
16604385004029918816
7710257566888273505
3088619399662308313
16877176814424020606
13871948559042845551
9146011017284120136
10436872210042553948
11318296041054494311
14407292275712521712
9513241284964233499
4175893044184794128
3989643367678794286
6090267447277247762
16601737130967141632
701822635815646801
10235219729367715056
2283788431576284219
11335448514407239499
17124510061148315217
9792260573977865715
1754725318823101917
16705427079493266450
5277954792852523824
13212707904788024485
10796769251453582661
6640813586736032188
15455296133492403738
4554238036962453369
11540524632785994902
18038789095312358807
17528217272008327190
10676701693754934485
13135502867694265965
7372272744403431108
12737174619192606467
7044110991564544394
12450243916502322202
16525065520915372488
13633529250420666462
17979549821319379012
5467935758869289815
15223991501552460308
1028761107145159077
11614154373827315218
2363888144663346509
5153024665876484831
16861712723988645488
14688637412135115522
3332126441618024735
12985833198341165400
14177175004602059575
15999176136582416179
18265857302314888339
2609008132761841550
1039069831236819887
18323576077465035915
10223826616724503194
4724246079195064456
3079290771624170305
14993019937000265441
6596756167019294227
3136180141821848086
11914943507344990332
17528078981074003656
16387348441722682612
1359036272747013795
1352222782658310976
7995643570663800913
6590231645542931641
17822888872946755424
9427436443020190549
13808647375528182564
14309678834257115192
12794937544888459954
3528935559188379756
5619712852916554469
4237049335326155244
17584720945950277254
1936349892511436891
15698568611847859660
5444349516739444868
3551990682834856648
769519464605576183
3603243560553994259
6564651547008153357
10266531758977315864
13294369243329609891
14798139682220594749
8459777300519581775
9554136193219422994
3495370828043381302
10158167504020013974
7147911122294633528
4704943207335378958
2612918813252789264
3913590082175713805
11924774059998225677
3108326706348516115
6151243479949915426
9421302754946738844
12763489075413931427
5614740503398401188
13248529804892028779
4092215174995862780
11905397012940372768
1500432393450225834
15178528917321913922
16403461622955162522
7019034654656630459
10156757882549089897
3135590124182208518
9123408281687313528
1456035537352339701
775350722695644284
9101653754044288835
16164364185844227542
9740849517228680662
12271151478461130833
11963224741913301115
11136270627255840098
17502224152194792456
12517558140026014690
11032051328766312594
8887233430216040652
7164438966176030153
8477163751892462320
13512235269979502943
210028279189443338
9304555106657909147
5207517272520371786
4943194133938906228
8956210087913045993
8992549179536857074
2950049732494102691
3271898435851074312
17452912099626613805
11398280901987580176
4937106730583530143
9791028148289785939
1822833381244114114
9764313132823452932
12447961968865498161
5235941766509993940
15857600401163726089
16130797184893426429
12660365194253859218
418280603219481121
3014729460533140330
1507515787434190724
7524139877555883788
18171437992982654405
9863027824561891387
14485646803567403166
2780849027618337315
11173246229721751431
3035246089056320183
5798395290268268516
2504130863102242769
14772663672087947740
15814188614005821014
6728926885891203510
8844123242306054245
15618629773282029557
17670371626338627714
11392108127249312809
5386007779247245498
18407512162168871493
11507955286736676552
11707106257981563166
8374580825492658669
13131819288317959706
4816045643928037307
9940396186995293124
14661046278191482125
7961367634811369816
5179562586006851273
10710585956011036631
17329405199017443732
9085959384074535824
7424652058644541703
602933580404644989
16525666145590087844
1459480124127095378
5240198654888739174
525683494676884280
6507812821352421639
7351981931044620783
16472373501734039869
16500442820703034433
7388413755250613191
944048770047755080
16572045822442600178
10413640164550497030
7743235369288039789
13833280071947154938
3600253821769642251
4912057754721801229
9922996780166872858
9224736161468158298
3022350168087802751
10527491004613654181
8443476292562035109
14608322140458816494
8251214235132551519
781575446257335470
1560888898213856811
8402200889855149457
17375891264849123586
16005414378269538467
7010369830326457620
3857143983484701029
18320446962193227195
6331151105777351778
1770638378901879001
5522995787307983781
39382055843228714
2788556553225075144
14642308111136812953
12687182847110731093
7443252270585374600
3781862390667702681
3048902288157209
7165880258988133412
3487442015103072827
9769859072638882162
11016413211423592208
16862225895562173631
16882684672646371021
4559369765600048461
15264861567826018226
11860423823868776444
2541036480259158331
9989255562169189852
6558766705693106560
6415938791958654473
10236170791054992702
2152709526896706495
10724139343186951271
12273708569035461590
15038467021703065782
12700761965805800175
13412784596683497473
10049829430991808526
5281905785317330127
15763275081369556728
15593577020166226663
6668264691235685020
9358759447528584415
1034401846450879842
6428859870078513314
10131749826812376579
8784229263652945115
12322313580973149397
14890714467023055774
6842443018803027650
18239329556541869208
8649152917623068038
6025136737457970482
12045297288897012215
10553196622502350955
17094404461542287005
13217258243622981464
4213636267006799953
14996094759494376238
6981731188524667996
2859591923764404606
259121772223349523
4565991196934799714
6980818928511683398
1374213041854158171
15444418980409913320
1820278424803395579
13401634257422592613
14851892541396180793
3178589416303272939
11067879351685892200
7754747944561878438
1513361051216659732
9231250839288896669
4512157171649275817
15200936213088238325
8815046948526462952
14244830120357622711
824104130011851628
4136479604306605016
4684260416232199353
6826193256030714151
5690568057902675550
15996280553484081612
3707920111866978607
8536841302594983678
11991460097732988157
3985628394331822807
17024064394178724198
16654274169295683081
4805936695661431011
17451680794128223303
13406949075447406961
4450848686499194015
16644233443324630303
8540394533235888196
9203830639664106719
5717088658390836923
9834872756752506158
7414815834105193181
17406123471368443591
10901269519404101471
6748936559784815869
4572851249636030008
2257957433901730326
13528155231440858648
3701909304818914918
4051679867152077253
250760750288861936
15678206907172604355
12321849434462137328
14612387487229222926
8265189128296253788
12601553756962072808
8157116636362539656
9293155250014250945
12531298544705251511
2248391642261453429
7590834344831365142
6779803273562527089
5277494448658553497
9580191679597467715
10247527025498357224
9727595093615956846
3411330141030646796
17900422172927635654
11591268512982402535
11154087632319350224
5199982332293189462
999741882378886940
12192619240835748904
16668495360704478038
10638163103434195384
16708500325406119708
16434886190474375604
16562409336937137923
8588482942706184386
17738845869520962646
10450994307267588356
10205355159499366632
11413250839592037443
14925638980028553657
14853210797420301510
16181834152858362702
6661218995516355954
18263270010013026627
4745754731077781605
14387948179115425085
11193300819633946363
18358375167084997685
4943069810114367570
3403678083434808369
7225462728100052107
17554549144555487032
17930875679539644412
18110821331601512920
1054165863732627317
11949804752358108879
14443870831982048696
10023603662170354385
9280324329079521412
12221806814512414547
2684361843160814274
5318952009582261674
3370784476420360656
404236493047001318
11818157969603029146
14304221627505658830
4065558816404154777
6673810129878098313
17731337802267725280
6040661807920612127
6390628592118451160
8049187861159254344
17374965031349929044
4835054191250448706
16160350366986271286
7639664879322576349
13493198486378006717
8787721884200258506
10187354717717675455
6631165803414343040
8285160878603719245
10526225684405445245
11276656482076148157
11386924542943234124
11291939573138082602
12634812080234494855
10626712499585577478
12123212563249664847
5565080558218978616
2706195741270945614
8074643528433506235
8023162132921673264
8423252036312063372
15964315665979604677
2821951138797582025
18180957448266653087
10354737636313606843
13493444694928664686
15021351535348245978
3955255133005093806
9663756577974200793
10453056943099375864
13869199469860497232
12364101912206884905
14964282299445711311
11867241373790986367
16723902163629134130
15489043325333215042
3387045523898374387
5844715900766264301
17189095461725699291
721708377983079207
17755131723207032737
7624242932281780763
13643920892840200759
14988704665317960941
17419139057062892879
12984749651167458816
1944632450110319936
8798507924746405323
7720262715542121576
1090909037453772610
16388448746849734444
14128240476715085397
3292583720201771941
721165547563914795
3568654204978845844
18009463965261036780
8849737226389465693
12281943296843635784
5024709448688720040
9726648758021189191
13171745019717643313
18413248249769862012
14977126683230966322
5324265278754317314
17391647631833263411
723756834734859638
6997660729716942949
12329647463529171173
3778791184686864527
389302854280538914
11597286758263185846
15824156285613974212
9836547042084920344
15175490021970700590
16221097642675680806
15325045286405807367
4965671898771769245
10361561402445629867
16230427348018555289
14557012480296112554
6974611006864044413
18189996809119431777
10597786644185546140
5246020780868810266
8200038924378806310
18331794029611643790
17058821772638484005
14083985861783884465
7279407036029918075
3861086018877651571
2608444227706351343
492714356627775505
894269260982908234
14873121939640476122
8835519733436452814
5644315578521521481
11473373094574732535
3986061247816227793
1415344370134783302
11909127340674777651
16655716704270389616
9451884380165480500
4452770704106935048
9968060456759648790
6350049545593585547
11008144641377325246
5871399247689272807
329179758660428011
5611483910889619495
12822429229176064751
13593400501660245487
4509450792026573236
14767867848847275019
5404652922744128106
11989041333770776177
10878344021073144840
6354129615861541798
15527199180301162709
7973649375645244881
3739389495210383113
948108091235811633
13907380239155770824
2140444886065266444
1923016560339475181
2193867580074379391
11143486579261095225
17925247185075604159
3540151010485726056
3291617608159565894
15494405130073681007
7086424195086388957
16027375653102176655
3466060956754982970
14421354217890890224
16124804746923731226
12956156213076447283
9542553144519516798
12594017846559996832
840836185682233409
11676746447219754682
6427903257788211041
10809919781798551725
5103024556436592536
6332556172109600474
6576404222197850340
1505201897386679372
1684091116082886366
11959495725214735686
6228513054553517360
6967403652761571213
12707921667038605764
15926366815794160216
5221418034464116094
13377194774970094314
1351494413842493538
3261713261720605637
12494153261132484444
9976488206527208811
10573436035225928104
5761227413920181958
245719778670048191
10768008539388169225
1388317608684202913
10314546377205722510
15139926651831377048
15582441383503469934
6124712622843153317
15761412388258224654
9863554890398806906
10591407999508549259
3618761062817692189
17881727268412235436
17798332154294908465
15348455951555960877
368094325764475374
16641834195168764206
6893718135988928623
16598228624065679438
1813751025543166258
2002424943914773840
14721692930720083325
15981434689911155092
9128601431526901405
1593284775034096680
5712030781615629054
12310773156740684137
3279189231112605492
1868566080676571513
7369884719088899472
9933098559887872024
6014070169484414660
15571525055511445932
17697335079607246216
558791590413340509
16120252437123558708
9132566508764086707
6809019268330923786
6883572722317787751
10402191782954892729
14199394523284336223
818525715951234845
13025206894565353539
7421651580717095209
9912975419861761894
8925229841776893343
17787185998743912337
12379018162685868900
9668399071998513823
7028555666703996777