14785515237758836960
9232555854690647469
3984663541035631435
7477096129430076032
6074369536350504993
6527003555080314121
1410402392734297610
7713049127532831362
5435633809778925810
14643956207511576683
17557351176013785402
7846865703012380436
6143605550341382453
9469735783661558820
12695673756078183557
13727937118737079001
13691614574497721833
3534252552321169540
8360745918177535436
15495233180913617326
13773026415719059979
5091388479207610137
1175023714479019555
7077753475238701775
13375946554831949127
17486277176876477200
6714685922978340821
7979640918702195429
1070444919471290364
7052973429849740070
14228847136583662887
2441043818769572806
3466135374908932423
534805324671273537
2149496989739920186
8420773367283773380
9087404995303517657
16150290486305260340
219231922009414518
2833336271648754853
2746341718066408991
8395611304831668870
7523798701416614355
16833919120479028948
15799501488345403042
5875986829055122421
5801326549990175555
9293465199714519890
14011698975769040114
10573344912835435670
12616797048814538662
2724012395965271706
7946778133097716457
13441201679750872835
17759138449952980123
4269635249148726746
3121582942171995574
17929962849563194242
14086145274741456617
8631363976387807725
6269958912649299056
447701214247880906
16977479427539059441
10035643667936078816
11890772810995334105
14262350265262541248
8566229778474655893
10145053415996086782
16851696403853851237
7274088289393238782
6199990749786682491
7010766970947483704
15767239569473374795
7139369297257163916
14860836932828024680
2289432973279891843
8560803506875336543
17493224469213154092
18171298676784472377
4890103010519257536
12604155210995741370
11703206128658361524
5837359445255873333
1678714489724898152
2769121597574018581
13808414617962606064
1655916831135148916
7120503993521933332
4564491005919568455
598189072065596532
17765997359916683900
25575763127011194
18411107313512488993
11068747947019885463
12875707877960077364
15161017611978888883
3880747098025252510
361407989717881895
10753101639394078848
5418071323807123754
2547627437098081745
5500250258689809194
12737115379347041554
431958163543045897
10590920590863015506
18011184750519519609
7447991875759383554
760751777477832722
8226192541492357619
10276364423818553150
3416734454887362163
11849976716982274160
2788140468277265657
15848307663731966696
18438385919577409991
9199638132196592333
734742750914773853
17492878005617179652
741904835697151354
10715758684703171571
13920138292250496189
7555902480188629083
11918883027230728260
13222197004364908460
14751131272230348245
17613445941078490444
8181389358423956856
8153741794236118413
6947081412871988480
16238673172867932259
9598614136222053702
14678327937493465622
1933974983244698351
15827966194628637873
10283845648801849166
1564291241583873982
14569078580438776495
2747488030189378126
17298468138342827222
3427692143501256254
752601527533999162
3683592804091691945
10156226446571346235
13488412497422927966
15144904585613831662
13115818947993764291
7275500716889956874
10139300314688851381
12270734832238210002
9436040979902067865
12519529118569479246
15762800606677843234
12020944833371725255
4017004979603745767
679103526647640022
13118124625197691412
13585862212422533375
7529791655678988087
6597705798128284692
6982310270545143816
18157975402878803129
7800778716468171915
6230178087143174989
17115387128945970355
941736341422206400
12474381566492550097
8491046005741106675
1711857009532936682
11880439063456164236
2924414772156573245
939706043161857850
13383443537824071533
16733763791288082631
12749947068183228752
11103723821380957222
9010234514569696563
6871445812801466002
1240842774376969836
2986931374859240663
3816105672642510272
345902426056360218
12866628094016386111
18444043460257543256
16751075169919278961
5502282821400179129
6530216561761895146
12748798611438020745
2219392846170025210
14472712640568666219
17265500867520458777
10162731440563007207
12880123466707125574
9172704854865500226
11627986338509223071
15435140775407814560
14339692215933867242
9771222355843450747
3046883548659171544
17458172690642788062
14253917541316350626
13486771558913479467
1601900361678687135
17268698067100108883
6353542949472817180
11150933905375571790
2315748629244557081
9452787045691225662
14062073918423752067
4796364161774395874
1625723191434964803
13418972063697949315
14414506087607344625
10589328346216560654
1718353641987526783
17128314708789124728
14026341504158642034
3751199788229195210
7885654290775031153
6299276939207340501
17210011645345682374
18086172098518363326
15941538447896203895
6343068757205817465
17805100512883809207
9420749004096471776
1117747168271385369
4633300708585943137
9013710421701571578
13285529513956406035
5666626172256162688
18139057095721372807
3713777985354295069
997064959000724403
14207414379991337732
9045784908471889791
6960587707847558626
13750863334048912579
3114417089214105095
6203901631203118013
12699047261584358442
1378386761897831918
3251722535946582164
14726932591393603133
5062289625156699978
16858755781914813990
11095005003279093145
8000275266919050146
1167004516639413305
10739824768770038215
6281396256732782287
17432437650994861336
11893720453644511850
8092885841578326920
15688550309797681680
7514971988967186827
16596017352114812445
4371240889717884287
8870993944923494120
13311316015428375092
17949831405831198101
16182194052231658689
10240381691709373690
8172186245978806160
18322325520558801532
18287655001891632770
7067046305278662340
4457042676796315734
3288526676024437305
14478053711572266650
15878813611806672448
14161205555745861452
7274406294257125700
8441498736331317741
3574600321485897244
8987770783502086779
4140998660341144422
1352937307298438699
7160033506490774883
12854793718610678290
463389685684460963
12348117672576293220
3639584850626511482
16109835188311246028
9240508436617482245
16020518202063284626
15635136172099348044
5461054515134674032
13570355641788091576
3439375377321352486
3459846054367434339
8598887079789458745
17891332236515684172
17703031310374534589
17882249298791656156
9452137916374441975
8002386070578467498
12722555164777221410
6018835598952365186
4887883857167150084
15642681144470288807
4435995211997737731
962043563398763090
18210103154401216909
8623273038461890126
8533353799916440147
10848267601194282055
5490754781362056486
10378105762064807747
14252443815789077370
16703635921558812320
6694657169769798623
8398254928710903573
17076522016710961312
15916111617658920800
8352164001681311195
17711178283764925549
16578200497112134622
7763025363045427809
12216367283067786615
17412218191986843641
13576480005987900705
17428629603898125429
5316721839662421014
9899032080203601759
1228854606954320940
14838717619286179018
3823145915166992375
2902927333582933929
16990985742505841279
17378356193185619251
18201509143804491962
13783851419510521309
48118465882445311
2995677174817983886
4747499568152319563
15135641374445837482
8029265446896460805
146040238438001441
16559341613396084867
12312976542526063394
723131213859433416
437567303331339753
11517022127255440612
4828797837645199638
5174103134551389462
10199455858889876521
2797075637350363699
18253970010757196697
6655511861235705009
5646653345966774700
10030400994991847842
10417952675471468384
14545217482504113895
8866847800803770824
9080678336634610559
2892614940675857552
3383834351140511541
4583850572051133535
8086679042664451057
6072020666043300295
17960182355638015782
540267209039643607
7953949718007544996
13665663220975219637
1873351951625398900
6782665177388718660
1096014806794300444
17668922489952945534
4672248564896068117
7485176852024035054
3265597424111017902
6626675686665277337
14494447061251266227
2668660604670878944
3241565215885098487
14211167697898932119
11875482379689937918
3118778515213033781
9531804236814466239
5357698337197230258
10421549656760904487
16577399742351668909
15467658275252480487
16163176867482600523
10576465133540875649
10446967149765737521
3647040340666311086
9011903628115683684
15789235073065747255
11993690615387630257
5397051031345559296
3907313545851639554
3651641764858098788
14643451112399796881
11197106011660096118
3286015361247345637
1433925840379436621
9545864561656760227
3539096520422442676
3333160422610524284
9089315958481111829
9782691445372593218
17366450845107689729
15358484114757596405
18235662973731191562
11362089373794312589
14473882973105845182
6219251710161124972
5141078474994249869
18054439877791309912
17360538344895833963
15418206996045106594
12880826452637937750
11735339398315901291
10842136775464808695
9759301449802965226
1972293908362292962
9956987965139757225
11723158144662019384
15267967939775121970
5718990344116913586
14160249250856462111
5516707562085276417
10670856530151818898
499329752231666478
12343258637393892808
18350496642983507075
3693050010975771170
15585625312520573548
2994821217531452593
6621568630445757509
9017948181808653110
597511411905344894
3977786206765237098
2565854843559815718
9023610573895161079
9302232233931272333
79853841548566339
18340415183896324489
12213783444731125055
17570604608917577943
4397382623987676003
7741388758462787261
10490162147589118981
4369686208260813678
11081640198512762534
6311687133298060954
4970388574625403247
10151728014820736908
3920777299761426163
8983058956072417859
9755041998650815900
4431227986052976872
10086182149605162558
12568624338995092234
2481671636467437990
5143476962453170606
4813355042922524408
15596724026040328624
10607362668407902554
2603607630159763321
1103738906414755770
18158912911605874853
16220817118043507393
14384377409330845113
1819034964908403191
13989725341230621761
6049994612899579496
9062268442980034105
9632948002199421780
9554965773183802240
12726506761315347216
4461919581587148012
17654775452988577922
261857044090683208
11771301745554778297
11819305930662024810
17403704394616597624
3807951114378238890
14719794824542571643
5521069440539550972
13823611736445269045
2979835410791279537
13575111354239013899
5597562896314917849
16313816094040883773
15963355941263756120
16074547920630047684
7827079680955043134
2425330323987392272
18243240409434403374
10091453031954608462
4998308349916463589
14106594275075019399
906436972176141954
3739260602758575121
10686391792742427034
12296469682935438849
4032162716325233953
12370743357043318698
11222572250445342947
6672723534839149947
2126468339196408585
12924781713143500851
4294149758903304347
3862572215687550987
3910941771265438511
8459989917606588623
8805987781502668396
9423646432321673530
11871326153195211577
2982381958609754634
616108410895031004
6527898524045625646
6266045111001992254
13209840506425363673
5724812561930205636
2329309917383199869
13138915873635556606
11998708138516118931
11274185718797348198
549782554894450349
17403176761103696369
17786852851076567041
7233394869786497931
17945792483694360108
1348251203681997289
14637810951048062717
4015543183405961609
11146056885569851866
16202222202241067904
7444025335108636728
443712107137022625
2551667310695507275
1955011397436712947
5389949376650278987
1249341788267758315
9827742849768950879
9551872578199083045
2068852244172755999
11306648729359523017
16468796144789378246
11468470630439219622
17568968750291935318
3597040708446500337
12269835320368730224
9699122631784266154
8601749568130492359
12611700741900662221
17399350726021860197
7143271833058862359
7913234358529068403
15374686004570784738
6825013458054437314
12840733864171154509
6307072858756948585
15064101646430441078
3707834584581877675
16421439302211117198
5574375977009603613
12143931717361274146
3838016699245155334
12058210675393184315
5914617146831860763
16767739626458230031
11397945103786811107
7849515264178154090
15948481013648468183
12185407741040148804
6889286800502708127
7550116795144950617
13718229497835705295
5012757890669588976
13983093858064844895
11305331002224220133
10851139169732584978
9782264508277260402
437165577130556519
3688465777099432612
12216441162868600413
12521759831848637334
4361070656743477694
1526395129454913761
6880138537432209742
16995036040221310541
12799519598778992027
4902569315342404845
11838029863875163077
7082090781111507004
2988716228027608364
8855254330304103970
3007159335967266141
13357940744012807934
17466386301370657054
15910969321739622710
12145074152909467409
16421915597752465078
2950439757017863221
733458574674864773
8386072116544692227
9653572034613511708
11408991137403509007
13320984150554242336
1253052202355359144
5263944376933079694
12028962502053085778
915332650673158590
735066788390328226
5602717498685566550
6601703456768925979
8523677641988326245
17411909789946432809
6667267171354664075
16768191300480821094
13207500264624345334
11694498815576223037
13852067834069017753
18416387377643590077
16896505083411922530
4640182570301853294
7518551280938945536
10299105609448598717
3254743032621859581
7983593601270161772
7646928707270258569
9727286623259652977
17324124376857352029
15864317152847588442
18328873672541065550
3045323107226701596
7135869118761797144
15558319266887418701
18164190396274735223
13954491749557276225
5487992987862533639
8034817774330549739
18425354560480628519
15394552666488804261
9292232848439118037
11564938095647329546
15399142954864848005
4484487742757128838
13615597788746285025
11548093328588988236
10472805364536587286
17271850794079035477
17713620205392289508
1850220083732552606
6840048097939981439
5389881007454323933
11326533159286147907
4795774694517300634
9962907072141666449
17856411025572573711
12756979581286758370
18436432791363319185
15675016131952048815
1776943638194009583
10215622874518937278
12781022206418545767
1435023488740131130
6596270235710691560
16523769028820702047
59931398151697426
12067044506587041432
2494811141326388008
5104717784959907869
18173825692054554831
14349799310385895162
7959495661343093114
8508163403316602881
12166110548176541468
16618626132920177588
6947919320857126152
16439116119994510583
3776691084558845882
10677023902483090085
9763633982545775771
18208069952695212783
5301150926324004630
7441870530520571320
11216456602919821191
12854448041521211375
13011194866340560071
15525273719570148536
15732421510503367071
16986087471319275187
12513979962298827018
12167039846031753357
17382749201524483725
11221456231209033935
10979858786332819100
2186619229726469135
4700442082995126889
8232875358098550062
8558035712670386149
8539381005745886019
9036319632724200740
1308256537486977307
18013217342698717837
13560108062416664763
3644462564176270769
13688658863941556365
17256089697634337588
6844173946184378436
9157839501517211028
11295288586804860802
6615062534929408610
8467369150528122307
17121743498466769908
7012735835600092579
929040159605969104
2305533082951371577
3191474165694453793
12340409993416652488
8324388107429250466
17504585965442882418
13574501760212531670
3579426099908650554
14483492499961903676
4103633148189728158
5043678888577584031
15646268531086532338
17978648869805712094
16370721433616619793
15544842521570093151
4441633386857554474
12860986583304440036
10345409283418297339
3933526480988653639
14756581033744951210
14501753177625489477
577426483659177410
5406826113555445379
3023957200776835266
13054761338437225063
6497893289790929335
8969930012996875598
11121139147681935959
8583970397220810886
14379439139012248676
1843531709317641337
11685698392874858762
2407033514364476216
7712484285976191547
12539703860969600222
9458768196732046362
11081210534911639678
6680776916093478728
13376459096915674680
5089338682009030631
3527207366421184796
2806279978963200245
2964713867178019692
6986072234072929916
1065937844843894526
4576840247655282840
10978794410135696217
5459529350442452316
11417235537560806118
4184141998710039
17493296348648039463
5282082637221027142
9283566884723729329
10220449711341928390
15805939055425615888
11548865579643848149
2454649726399518657
1688096212878406115
3002639134256892519
781405406924405185
12467111015675786329
1164967170084474154
1790836171646273338
11443847677333248328
3253005397547305669
16683588105274436378
18328275318936909691
1950247460440435955
13993841715616444127
4909687782535237659
9210503970448204452
8803162785336431121
8243939786038548163
6650317719257556220
12660990101051235722
16947844239529380788
7002229179487119532
4263416162073358122
11152421856078823569
14885626652261637017
7898129805216628396
10960712387597667882
10647397413545099586
8879536557012826477
17064677850399033248
8093001483922270163
5163972767680646070
16166327731629741530
15811145622457569919
6395534735123732646
11645088545318756851
16866898863616183215
13745848673495751671
10493493754182523749
11440622320706931941
15049905337669388907
10516538603213803971
13212241779877664155
5803488373305673753
5468306519613797249
8343125846610859578
9065637176756058081
2915559131534781282
18191495942292811412
4825111520395853860
8234622552615036676
3524373948500975287
50868398298488693
16918271330034723603
8458276831012583044
3884316371010757964
10472760136863320124
4572225506507295330
3565316169837938325
15657525149747952850
10122197721572050548
5732246527511598549
7911402444626823493
1030949756583534076
8855609331715398142
13986557020998237007
16474205396974178992
13712982576534426058
13638439737330414287
2159203287430238846
16443350499853369938
14600837702342896481
13310118608900147346
2399591327429494645
10716225833778576969
16220594041596432876
16819921899441938071
1523843651442119439
15946666895610040124
4714432077008438571
7003801694246282688
3428244591290884061
6888945164759825878
12082894749028392866
8349652143513447903
10824438257088200202
2582519628472484069
13219349915945620081
6210292198462542981
8687046772688756284
13302149981963328004
9319453061906451126
2209158275533393361
1649071442809376612
5956220031013711796
5851624731537174484
13441643522924870976
7652872500029614271
11431477696821791195
6104487897092328414
9031255364032542770
13956659081444452267
14803919415451086579
12588149650945049926
4681030348236702111
13114551445970420691
2540495438051273776
3610051239309733407
3493582270396859990
18198532479329002917
7306591732319192017
9398614562438814638
11829238294580263283
10009466966146019815
13482012733703356854
15969380295310198991
8582199284475028064
4993642868866385757
5963324870817623414
16029466210751613579
17582091336995449712
5827255300742763743
15081444763837934206
17674485040441695462
3073596356651844119
11411013116480460350
11075838989779593514
10862050642813086414
2990366905456085084
6696403768920427810
3936660824341572780
13751972192002871197
14536854894787980184
3526289247150067429
17263396127829229024
4168163061907789172
17095713742242456295
5241320840251388373
14042125288496943617
14088713500523258751
17579682223174193378
11821886386849904954
8469589288496303711
6320726928292432678
16699775972001663740
13404784934012235455
8974144638465603271
14683248916824980436
10149261018037295992
11673048522781747593
6818803897335229587
16330515441773153709
18147050212640191432
12083106309792498482
14478009130075149551
16061091861496485129
15936307391596959386
2568431023254864432
13116912219384962403
13620045172175113365
11513717667383630350
13582968676361845329
6784403233397829012
3225617324031544309
7412681393102423363
6238344756927491916
14761443656390295322
6212166163059140615
10660447608113539259
11184904553219046016
16536214016361466697
6283291580428400098
3956734349167474138
3142091852209169016
16403589170256447307
14694401793590714489
16409541732902947307
5991739689251534722
921106258613045520
5722677339774006510
14434811119150812865
8415402687944027159
2748124089333773016
13358728119760758362
13231766368418188901
13626449467651930824
14452096033342011785
2653922591165692618
10214501537928133657
16148589368173707260
10809021390872425600
3104662208059311571
11651596396406953053
3819447304622693003
5969083304883760536
13264253468186981387
16141105629338324448
11250572349943311841
1752231787912986897
18121722873773776385
10804093379773004737
10813656623274274275
13006975317172184947
6204841857714618309
17350884813453835882
13514207087906787098
15657539556495373710
1755561728963877473
6306671447427883045
13360731316059301200
14211691317479747762
1963481498459125930
13248655252190888917
618052833942242573
15457666192057698586
9843738363349109601
9581323954432446437
6073885538034294240
11751082491811692439
7595678909829700481
12047297861866170622
12039978292822302420
6625962898362732394
4437627855153213523
9692952884701054126
17887282699029095986
14644369732387315668
17597196402731145807
12548978090451616968
8747936812770010179
15296302663768288721
311003416141395371
2384638401873693341
6865417698464611796