15345454530515058839
6788619038860678125
11424834849850652784
7308867877959399369
15996314683162745981
13950719243474188495
7023139355580795961
16189287435928912631
7793237024371222754
14595765473508893127
6854377631519070444
14750629251687114231
3802507113632042196
9215689473160458129
12491245504265210368
18210751533992316756
15695037629137165778
8429991659991593646
15416642899384228548
13048063251834223959
10958080991228222390
9760529307656619658
11863700224402648323
13843044651675248029
6789988031430219506
2093757071322687504
5414236467154371998
12358744137853968011
6620488881954584206
9886186733340409368
17837557164627674363
15681278801596454982
2374855747688680582
4940859085546007985
1821901597490127174
3587670128714576274
4452087121664567975
5811730387958159908
9361814737065590683
3766760120796286313
11255177396918070666
9305435941122914592
14102968479162139983
8425644967012538510
11776757254980346227
9155625755415807093
15191581197897392669
2576748543908457763
1772818599670142502
15489788027862961346
3135989486789245159
2791642588962681481
10228542804654690170
12248154886540496006
3229836741669944307
1416530822085609610
6863946522491771726
12717704020373584688
11044526892494111066
18013529301926943139
10864503700751594874
9663978107133282766
12716135108966522999
9645749860828523099
8619112089010771876
15968504432875176234
298504156501367177
515364922571329702
7225288736512849368
6490558460291884
593564706717618710
3475878418719119943
6940016933197596797
361321107770133825
16889313929826203676
10143054183050014178
6407281469959258661
8297555498050245736
14210308971986217003
4233232190258121417
8655040642769681684
7665775359815674171
9556814593203341171
17978766166511721943
17196754554331637007
3583456711803663997
13517221811351667314
15461996959502533141
14930164093312135453
15069121452748096450
17533735152160891714
10682157000888473781
15427072683068834907
14747782325777733218
6307143118954176422
7917881469841920003
1942940733634736016
11722805725844520506
15483095288944427701
11325920191077315256
5507311514157063976
15000992390928260373
13212528342416047740
13858989515294143954
12451604283603415508
9126983610909371482
5202807487080274280
15117370698322577306
12154924719211994169
8056563271733764156
15620872951536082035
12535325095731491722
3530399221465555461
11129152915310150890
5410529132767697034
7664636546739571090
5785736730852651823
10377678943289468691
14946636891599683602
7283245036783703659
16866945638731801409
12990908034181004812
13394891712941213373
14965681410187183477
1976567854893335139
2006749614502437572
9017997041253235943
13104566357791773253
2621868410116597724
15923065550367093015
9945252151898121813
9695498794893163874
7445153703409224244
9652079421985393719
16212022649979698236
11015084467381986782
10636613114480299042
11056069071378759161
5078041679976148160
10157593529095405804
9162760507041117121
11351831354131426424
12362008596333065594
5578685798001446837
10737829434757330614
6108288966357479023
13375025003998531121
17947161413506102106
13474279419096512693
11916328333837732477
9893887260110001094
8122500786356718522
4352385383016275701
18075964389500467352
6602767722840262237
486199701592337454
8998431307960414868
12872399088795408341
14175344937885544018
4638354695756977175
11151704976482149326
11960555231914288825
3285340786756066123
8723069919504021828
11421010178620726027
5898066862659716748
6469054200448504111
16450151547178285948
322018839934352618
13040184607276312764
9603990300572433507
8072011554192175241
13756802708536846788
2827153989639693905
7138563026869344153
17591586590427027287
15907977585160936929
17261147060304959527
16096958481188667699
6233071864030703017
8438814692755779125
12076232990689636386
14621863377071683659
11609322598171196545
13190052209425234758
12332231830190200741
14435420718135688321
7436695761291037093
15625320368789360386
2335871630104491637
8167848378534380841
375901454611091275
12359925375991267299
16643219729042991817
13626276574868136758
16225354590929215089
16633240839889115722
2474581662501973723
13196018574194791380
7797316115956618607
13493386098746650836
16688627611779281963
16647701523701251817
7152708442907215539
14382000288501879807
3463531930163558146
7013559729942748832
558552317966582325
15822171545857144337
3276330633931260080
11824868964227371077
3098474341882477709
13131248696951805411
3245762185017499345
17297723554143786595
461208180415010847
12203013249437768650
9335113281942304795
2041879297434662393
4285288236648458224
11665036842625660767
13114688111479087855
1562762258358479948
599906225846684300
12234187583313278897
17383565478076157119
4318500791426380139
15241141223363135310
1022045087324113918
14713021099407730956
1704004988326996749
17252833327488094134
14815457560321711473
6893772876966446704
9080475723520835196
16447174421709781382
3381833234426414926
17814423046193139312
14583846160182149524
6783750780766197069
7719585915409317058
6365005988143964012
6056233338033728123
12725868231727439239
15763975607285478060
7569071620799193908
8635781642009334497
16529453362152018687
1051572035327114691
469482474647180385
17071502215484389567
14420999355238005130
8574757537941046614
153080356450759700
9539246269772228453
10530615608389785307
564981395406271273
542399903759585679
8081996657023904779
16544059250665245869
11111660537568817109
14656779130061552759
17943757686971556518
13266954340934672375
10490005855511673709
17451844129154340385
11698313124123566446
8494260215694714245
6422606781271450371
2401067456075153867
958910595639069239
17297255460335820167
17414208353118040572
16417694414126686469
16874127649225576117
14241266941968181644
15781970969752024763
10311861338241182153
12425049748036061114
16535935761356127966
15659354570817721190
17975073361905186631
7889961083905409090
2279101716393290101
8134381525961617867
294779395375968342
10087557335301928736
17618922989339222038
2330077500334152508
16050551141761081517
3979385471389230295
13784000857244009118
8574638650392431851
14865047122378269240
18066044059531138145
16890271322410350201
11831024886613833682
10726755315600454258
15812676288538790515
360657461383713421
14571419474086102934
5726138596783609186
18231688469962648345
12143683045811881961
16252769615213283012
13685353564467394110
9910791368516951211
2961204042833400557
1759383318643836546
15624795891436710156
2989936258982219572
6286040140732764936
8971644698212431363
5084120919382021909
6656026326845886608
10945691106950806783
3733644753110677606
660632643442460914
9186598648849311532
13419217232500709502
15112547219872005141
17585169804986771951
2922612624235181
12854355549869360888
13779170809959978182
12263299339855930010
10308090746024331534
4631097441766911691
10882113989050284778
346889276713764375
17592003644078912893
4374938940446150977
3403159386917655218
11758616196499422720
205346424581937005
343354656970742840
6881720156102040159
6812337398003858669
3260346951163960848
10029709998125355325
53073050182949953
4844330719669229172
15253891766039001095
3467791567699747360
16543103306639044169
12387527021307140696
14425438682250125846
3964032056753699729
3123852793997085301
7753674546811394290
3411353484410900552
2736458745631539725
18243663989074026083
15233358819455369839
9849254069060780121
11208194153097678464
9425028432996309472
11143758813864300819
655718543804287454
12402558891985776687
1079595983300822372
4717093115401452082
7793405729516987562
2067050584961821925
1672670091992886051
12660172256699192131
8607392344662087820
2039381653900650463
4530618970067428849
6397979414031707961
6578166607831165193
2557750111979673713
7265836744070817215
16208587407035002324
14729042320631632042
13976176054629912784
1662390581926741647
10918577516430186912
9567697268356606011
5689086467431203402
9223850258126290719
4149906702775398167
8653922480042505672
5484687308938697692
16654929404744290142
16731767019327184963
15824283017276253413
8683190351268949426
11573690446630605493
15952215623602150602
4772841789229505549
8760945148878976644
16541226005868340163
10894982702101604117
4242248127264224174
8970998208360507506
10896316153091574099
17949264210424705992
8453331857756573691
17771123596144227079
15110327820716330463
7392731606743134402
12231505865808915030
11702602899994305957
4566723801547100224
2791254350301214417
6555231560683600321
13810042318460932328
9335618660646548009
10543336005886125996
11798496011278621266
3358396671751884621
6872307192407132438
14003292554286157111
13281024076779771773
5860008332061672256
5632760590808462336
12959883853141892719
9881419960401902019
4788020618991713368
2348335538151817140
10628672495917197775
4663208904209582120
7218777950347167007
4252019386098411195
11395438792386340736
6527631924876977193
939839541826048127
10447985221525115955
17685579140030014719
1343296676414899530
15686045263037665022
14180647316289702153
7879806155297541432
13549632858167804528
4862844221279101360
9889548933814123783
200803605097629588
9565819259549657875
17649880949037160418
15317181147487673953
1398806660040340789
1037469177945267377
8116586462211392011
18337249196078902177
6248697473500882023
2922800453864642471
8174104826812138451
6381923145797060237
14395433932318440513
2449140925424780894
5556569641341921214
9350153417833984446
17079944682971006022
10815623256371394440
16992229864407492479
17970876162757016089
2809872160558926763
18242701568374244328
13507021938545109494
13303381156998827057
17571762741190571507
9109126020772654996
14249990923930064765
18036390894321961195
18400465130630396092
9839318005039330578
12509130240620810369
5401492483507545891
11473603208373611679
9910357051306716911
1577544670523066122
3149196637207283296
15287844551228122292
11577491687606406735
15108955031421729785
17559940336704641869
11431089863292089810
16891152485965483056
3282306425313813800
296505185069690263
15042730402135422396
14363213128168648449
16854944268040481533
7939202178485347387
16593126352734737262
14805254769389725326
8146130853297180883
3232145263343487491
12776620815130324687
7891093344967515908
7596255463840812445
8170483257680371837
8441574605965234928
5693130462517430825
4598170809180325316
4795966939742256078
15029135999648110281
2789290816280292115
12616264470576149273
9627865223403005280
11071489916944537872
855860428922003721
15906807839495997503
4743662449032522702
15036481526113316918
16662073945916695163
8722392778554472457
11160851039340120980
16735434326364826421
1027970533235585991
4923777690390793616
2458530409896980433
7386794431027253929
932647634496530247
5474769195639302864
15742022192355602784
12526825248203022522
8057892861839333587
3750518257185420319
14038447042980277913
11581471459021141774
9183965792062618831
10192120274557586207
12822153738222916403
10639374764304289430
5093848273163730900
5254674141241403159
8686830849124025991
1237466362503548705
13238038277474865048
17350287994383290447
4656233986633464154
16475135209946200552
5308934931892469016
7994444549559172404
8798247720452855638
522151773461529156
11491624835669614623
9705675445334493304
11283521471458873265
2438054034128198881
16393720473910975340
12966844460971533564
3756258195573309813
14928698053552933596
14285374411179880646
11234037031324355930
4135520825696131923
3340402070457653065
13967591917554072315
10601462793473672550
6257664049369469657
4748957252706421063
7074167102046965004
9645563744484063570
329888265358686950
2045461621107922100
3202620003376386562
4642991736670943537
15966080239129018694
2012387015202704011
5151963626133490592
3561617033855266550
11490459472760577832
17510817674571037000
13520881531194397663
16535494999824145608
5781354964225997093
10520074968116770913
3014143152623286011
14816818502915947678
4298106556171921185
17221051939471213837
9608218963237149933
7965064133624472928
16693384381629514792
2076062383773894236
1016465943710933461
1965027204272690395
1405286917718516767
5786561835430514872
8608831659464802859
14570179733005587640
16493471076966128856
6612999474385388681
6524749703326868187
14511719373784323997
2653339682859576333
11360199438775664564
9638898495656241964
12237631240409852856
1095165740514244784
15820095250643496348
16644336305062407068
8289758365952986571
2295451001286401966
5195109836590790173
12151628290598290846
14854460927450748870
15901191224709970005
16783977425240133057
9721228995901454593
16678987776178802819
11567667561454741876
16585692712699967234
3359279187906363241
13355773066680241265
2455763378944850602
8410794374933466776
7410049938016171316
9444081175041065902
8963919458890649678
1651101388086970173
5746832637305845914
4766817862279145627
12348516084681580563
3337033581361399671
5758391842043962996
12610843290302998150
10481256655492770383
6862798362409813716
10244298723210052174
13177832587651396748
12515073337632561970
12439353679057647850
11436495662572770653
13494573242817805450
7973318650854298031
3710327924744058331
6533001487569411947
6425341026159596547
16658486327106243901
14519366803573785851
9304065934838516725
8052220537820063650
10366082221419951374
16339245118917421332
13412910239606305579
16128344167817544924
636647003729239690
3918392097098509296
12171365009024970972
7742429800841161426
9276971051838683367
3237367461122224930
16865554815656499369
5952694764805582983
4029089472330310157
5059153475066748385
8069277845627915365
5672869101536604562
13948494985000814743
3413954660630621753
14500013169070588896
6429670799784086697
14536476534055950672
16966476481487522880
14141980023605115813
17295824111541425714
8924147173228324685
4060814902212963150
8590318664290548680
2708782099072284167
3676989576643920514
15696770610771179643
3193236095427754998
12749032197361549370
11480357350844355992
17886344367168062350
17463712998936728033
16805394942415024435
8819565454961049529
16503837109212756259
4034213222977923187
15956834272287749629
8782497732580098345
8373553160421142208
10850472164928662241
17309023079115665726
3362161337128128956
13311655855274164101
16755673239290743225
17700036789975499999
7610880875642414080
3282756325748191993
6508256981255759390
13997396561848893080
7475672079142056340
15023754718035927871
15234087323989241597
12057949257222080062
11467246735985543402
12067919657274456735
2337498416179094611
6623599482299623955
17261603935130182978
2536735441524494935
14214055029501578020
15828213962548518678
147711796688106579
5857438773088844213
8115523622241960373
17898740346811427834
5294658586455188884
12815031438790347029
10122099794750707402
12997163428653289816
5964375934304696470
12948720480370356423
6144008811956268108
9087027945077556697
7489483499030269382
16054861822215238300
11272689751006980237
11852661219106709547
17463500369472156265
935716643730063704
17049279236674924660
7962141286888888906
13069590436459236619
5916478617132788608
10774817402638843391
17914830960900860420
9820859888998857017
264589358504327095
16939240054806280539
10559445695416262404
9693826008133763478
12059730588191925446
9885013912797431940
14087659299255159675
5060278578571767822
3704288288378204740
14298877405644818464
12488974801996985022
17908834559803503284
3949694407587905875
5335862925235243182
3224631496258804847
14168228094868648271
17040482344098267587
3787787774192833623
3689760818185549238
12199321301546433010
12354340328078444514
2715034186454528385
6653935878364179650
10841911409719638740
9763161372096744350
17139455040012009717
9484126692168923815
17355337726968850586
18413845201327738568
7837626773725373252
8789088689329982274
8617853927360400862
2145552528937754346
12576440354076780314
11618589286227813432
7121096759886881892
3636279809569480171
10396757245047416585
17201411640363956942
15295403114520532883
5067096535943877224
5312538332838065754
17645665173937837217
17341371861509892366
11248455223847329122
12753186492049817524
15639500123762703199
8013001270164103647
18066413057945848412
13060199888085048728
18125419961798542197
9623962671049644051
18119715372421571368
4276969700277634679
12086925398457144820
13965451187094787636
17356975961641896341
10391423202914606562
15512857325639167198
11884074403475897953
13851204390614058073
1860858222172104559
10417008673758432393
8010939317840913081
865199641219279262
8263108040665965112
3159806881940767123
10388016871345741946
8138467699966590083
9424558006430389600
16100341046746216301
13981523254043315334
11258241340479063566
12204540937137962327
7038426521861759941
6068547525104748758
12686670770635417910
3451473513365795805
16268011087921349563
532260739511968383
2655553554031118996
9748417079577038089
2569927152194350218
2970897470382424187
13275439502850453368
375614313619670028
11162022991464712213
4885104216584487334
18341579797377604274
9193130579764211799
12151858741625319303
3125960975394278482
8549211456568534
309960172796357324
11622117014149981061
5889066513475088643
6558467900111668686
11854991014635171264
1484389768626615131
18018135761616714059
5749398494694986560
6387011045871688051
9947953172253269161
13578453922741418337
12392774268257608251
9108391155902536512
12710511882701714025
7809057910727049277
2184345398951694044
5679926419385161734
1781131722357163198
12419878035663926378
3642447546835948323
2553401929872039152
6661452051254102376
5869266353019026922
1213496696834423691
14155751986132012202
11289701951513252625
9582686778727404221
13221509964755467678
17060778625585599762
2816755231355947347
5502922770212178321
9807140686821210178
3650518295146117156
16490829587354342862
17971324136124654835
8882658711613139929
2983287048080963158
655206929086023088
17186605710957762475
11282748156606084548
4537702016096239682
15736196299153998601
6826350543978037577
13881359121880035569
4179981801950404662
11812392000731495208
7480332232085395278
985607349206130500
3456408133264106953
11853886191696790700
81146661497617636
2716832917996668082
7226710724660734796
13843578551914169776
5100316284810941703
14812166853701389988
1790821126296641802
1790128508885081473
14363328166615733248
17703751245330328880
2512234509059842675
15780426969815092880
212426063802138352
5142325140590405492
7134136442936030000
4432919434985259387
1175180980688881655
15218688443083336001
13016347123561855785
5462674021060207321
12709710912498723013
6768642710510958625
13109067455332761080
8169067711190336069
5348223217507324958
14551431078697800828
4155609505863709079
12882718786009441804
16377401856851666758
1264789931258158088
9050023313540803487
7454316555463495097
378184881911488220
5733329263525423679
9990265454225251290
5853452659418654085
1489363724248076437
2653816329163386479
1437025759940749010
14398161524733299164
1835473705784465928
8880554354462210299
4689250135891850636
8070502629703735763
4952777452467608366
5455284828942024462
3684042722486308451
1856054444240318014
8406769965084256126
11178026546974358867
9913560544025016794
12997849747861756707
4162613295633168644
2121006291895120761
184596189834445366
2049186121884040265
708365713402969314
7206493518664682667
17689811823274869491
9591279618377494072
14389735017575570257
5833397230579846761
18365819469578662159
16472973078289681338
2449888138793052664
15952673163286536405
5129449155867642390
6080360947957478225
468613343073170649
9223626986052261670
15409080400341615959
15627029720665418311
6884930128491922323
3713820954865518785
1921219669653437858
18439039242843721403
7394493847499560
6947151748327645774
18057631447967928528
12291131103474416470
17630792534545196833
9964769843069814973
15305990959611370208
2699024755192626573
13752755782002312640
2426073016857305964
6517699539035022993
12427474969140580263
17246269946444335711
14034632337863117145
13607651791529192074
7168059306881014189
5335147077703196516
16103362234953773
4914288226828529317
11717491986652234151
5218479545225421460
7402978908245762923
15838582685349804512
6580378416772844768
6690901744831497582
16750443263887854714
12241199661925989683
17603300558944312330
5272985350337333040
10228346877947857839
947190958356607903
15435472460653901991
6113210292880284350
16942935654363750327
9977739461722353209
7667909291542927764
11811303686205308823
16221274966636462935
611182511547708644
4572599333307698741
17375575720435680691
10985953201363889342
3378099287471882535
10805839114855141849
6113673823170159643
15508031930242361478
9598046001009177668
5008947362084700481
13880030765679125778
10150501693084843868
12994055879393455863
18299668367615511166
17816812382144726991
8497583066967320011
7022165982098271292
12554881341209003677