13598464615579659299
2878334542615838582
6967474762649310756
35535427624374695
16886745144900980611
11928920830861820664
8963719049198565570
15240948556713609798
17473969168986967026
9462539765987929830
2430638107701074683
8718768092694040947
2194565388820809211
3211104616612186962
2262692700591589682
16579861482476366188
5171554393459316876
10189952743959661200
15603418600151557432
6339240183988526213
16132821533060707593
12066122064493662750
8522275960909142523
9368503712631466511
5866846489431606315
6644139692486147300
16607722140009692058
7296256656765901530
4014344542705855286
6612963794070257003
4253507787972344898
2854742309697308946
16316209258380904977
3276708429193743708
6410815083865465990
18067942786875728464
10703865224928610775
388127073045796753
2726199424402399553
6024999018292560791
8483398976542740304
17253679851930718927
3709350198097292927
15980257499697541322
6660582817939906017
1412108507991818692
3531407334108721769
5812048373523019552
17278069518375543285
16866206653922685264
11459278219387424508
1349095422412016358
2124653024857053325
18375583410689387196
4800069439153954347
11913962812574704507
12635518437405833653
1395141462025934988
1718937081185442883
12049764221929027691
7829226098917817580
17891528175304963619
4991962582837347346
12215348464240093030
8924790502258374589
13350509797753722164
11422246375004498078
13048821316805698697
15230494276016498918
8238915196123589733
7332212216478072964
7457194615616094099
8381772716589406258
7770939228403556277
3506024331694370669
710047988011819594
11583105657932899470
17733895662799438648
9934136002182592966
10230608012939598965
5783647984619668415
16064791784209166859
12201617640028098055
4030631169763269713
5548637753040973778
6895063880270141727
11762194016374729171
11445774018454391332
2818017287394520443
11571602982294658424
18327751330658715305
15700976019946267415
8586734380132939059
134850890953128281
7343910486778360578
10863933342194359196
4154762392607263451
6118549100695929547
7129261356249905752
16934815667807332052
1466144895433109117
632828044954098988
3316248204781758692
3656023587834389651
6733482248925398943
9282251936941175298
13817155844143263969
7056560221552587388
5278281919323314647
2983872589702859875
6395117154129376396
7745652870460122944
10115411824462698079
2861953064408691545
9564805674452416102
15197394504012091612
13044617706424563280
15569463615743716863
13284632293889991708
15012242233243715247
11684968521349427013
11140045927727190512
8725117535646310761
15468720586733044611
8676549379841232140
8286525036074546418
11886946302851667829
8308383314016477946
15189922029482491758
3250483510075004149
13506858175535139685
2935159683375862516
10622665560154335647
18264915101088878707
8197148182135657740
2407428316453977664
5919869603081948700
12293677393032023857
8997831812115432856
6678247182264185597
17356941854833641053
10058763798777100747
610447198458127024
8946327033160718339
13740556798958226503
14318795128967476991
12394262267626204021
14090146806210223030
15945517290817451093
545615951385813680
14950275010328540830
7850823155156271298
11690856888444247477
8630715241869170030
5825559214821578912
1573483378074206013
7100628723735558649
5650963330459407974
739173494453822360
3202103799758058373
3282499750339593724
7693907650151690023
10997327424231876914
9263288651994908225
10987159376853292003
7265993472275020332
16824755420789871299
16072410981583742703
9306180274936782442
12439390449641455954
13139350216189704990
12360577078999188783
1449284496114284187
14143660097337659868
4978138253146607102
4717874763095201051
6717976574394575686
12616016278888225417
1235439692842300439
4720484049336233167
10610741227013762646
17904634034579472629
5309950656153928426
9797550291368849112
17103747966081637452
17315675981039841011
6641333946264336938
9314520158294076749
18160643171065661391
8417786276606447288
11825281173567274286
12491280174251452891
13557034344185269309
5075942003753786434
4088562064997094398
14457022951575937560
6167895546364474442
11818998722670971221
16680105042997982631
17415638330340351551
6284329958999587728
15951537877964600067
5252662003671801422
18355486678678865656
12262062397113008392
14775949573859320303
13111321116525435380
18137507486873099383
8041129206670930002
6566144724642735285
4411269735480380032
16955089212196244440
14995408998976017153
10608905636568960479
16398569540893860552
4983623672004562296
9908771061711814373
10926917935985759958
12291886730223227784
16976322237702371396
11962919424720449420
4612347050346256245
15119719955508789887
12623240253624675718
3441259848002903905
11858886909740497785
844495808655655045
5163511397809636897
16813248899164983928
1063983216437289478
13139995827192386557
5163897973625263417
12186476423635143430
973856802620482214
8973562112398861827
18038796054242039578
5396292085982154452
18094966142427230942
9235539605325531326
12642988974016619928
17817640929149688785
17262860908045904960
13595372408373212209
10898537028593577274
13943879920803876432
103818816774418554
10016925711525685532
2650900638517216356
2821470947568839681
16823749085892390562
14058447518857771653
14677230902175905092
15147028120835084451
3827523058522655761
16054421364096837883
6330046098854121227
14223420217248489680
17657636333990173185
9095380908200075967
12767839939835558875
16631859664046934209
8902336456279123282
9260417742264563210
1335058972303272197
15218480015971306424
12850849888642118612
18227952714707884291
5138622362070802448
17590232326496369232
17334296868490095205
9745811870145432378
10969517009156986555
4222620554008317533
4048401911336307756
13424130710375689636
15207218402786715793
10930792855320674896
6771790831390231932
10498573773284659846
6681933686840241813
5921200693577880350
5551905633783174696
8524771994937228460
3704100856322810175
2314512652215555492
3744378126516824939
11146289078171089994
12093579129323920499
12270480270912964023
2374965145125737359
2455069880478734984
1591352721156670094
308125004835015230
12219365595578020202
11180726038433720448
2385639528539802974
13522207263233207636
12644727961029224303
12427918219386504682
12214304151293102107
7806797151032016601
10499643630169434650
13069323030070257061
5758051492758554717
13262564688400807460
11688186572037645669
12383891818410191724
6193640447930863008
11897388191785044281
15368930064203399791
10683909487887376046
13109369879647266277
4500531854500469479
12584128240934656035
8230478169097767768
9142097347143061599
17740604503004744908
4146172509136055753
69963943947351179
15541751790431953692
8271247782197014786
3822475817430337596
16166744179622549203
3133154729638987055
2014254450162540414
10780755047819966630
8885803132596118461
205277681485377056
7367790663641815104
12143937654323287024
13179226146767634519
17214166397248302467
15038572762681219587
2439738183328823346
7837461996817508353
16884649334971369652
6587078127404673603
5141919532686462027
17244336619476507855
9322251423920578394
7681447136637471316
8781675560696110001
1020270489400147638
17754957273161916904
1279859910143120905
2629941296920339211
4911319694453921770
10905025777457309069
3596221038852225893
3864488001651135600
5555835088879557593
7992303822070262092
15873436775377452871
8016491193984504120
6756841926299420528
10895451343614627154
14892491157159244325
12007233076004374069
18408194601050774578
8659815821952340154
13120066796725003983
16502735727888090242
7796843941238423962
5043084930064642568
877933937835239935
2787173186911004906
8778458559430699528
3100591345083277542
8744360576078531337
10786803110550462375
4418817597328251054
8577747322177667212
13002806636544275794
1135098901538604460
9639238609664352950
18290333079528923724
1549763154700433618
8959765740867932304
14176997237304803709
8474158097138477028
3998369332102798119
7997492163436868399
14783780753346939038
4029209534676739607
12128225724891817143
11157419400278948089
4608558992475823483
11614796767220221996
14322763516537925336
1660191319670942341
11187081722327119170
10628497565811503525
2795941555560797290
10211849527718587818
4828564026442704785
14946359757375668657
10701140813902367134
17181364533508300735
10014907429804102857
16653586267392812198
10278429219718107085
9957590473198298326
3557967827810072603
14670151556195930108
10320086878266226481
4097805732309839915
12035614157359366980
3368356492507833923
9568805293799935352
14691923910486707014
12238151802156112032
7435474196653033347
8167489455837057847
14273585073633839953
562924809011394687
16088991371813283778
1083009279440516566
6724381257455265811
2682334138414864720
16464041504712680424
9062019813154431541
12094457415825720055
932209617797563879
2313928089871655715
4999771167747111770
17584047969501624954
3207819039570207406
1545702091324268005
15740551398204895789
6305057691619655210
4710719368769480241
9129848061053870301
8069084276537757560
2358469860205211564
12749310415520002827
8214489811714938165
17910701453232923341
1594602285071511466
13369159220220351546
14449336781818215973
9045862513885637097
16553474173258665420
16304478669303271863
7186882481824607616
5544443337663585897
14531391321902312280
10379716804997062914
2338832971813966379
12413150204844652060
13861455344515062705
4246026267990799023
7538374619907918546
14131498204986092549
16740831235289802169
9358103743588322322
10946219939937155646
16946606935489340034
12469867500713027080
13675262085542453573
16712159168783931971
18335246998435037297
4381966119953464516
14624169914274277526
6731703299801148430
17350995995188923898
9890195802387453353
6199726737023947710
11324016028794917469
3350502381943155154
1255963209636402573
13089409485573639243
14218274153756193159
12438534848292621645
1364677747485360245
13555924593438108689
14254163571365860446
3181106413310638736
3597604008250843997
4292302161844110820
1030289394129369120
8450245637444269481
3579024989492828699
3603605212090801922
10651627450629047790
5824668503726311903
7427604495124369124
15172433017966018238
8562135389516637129
5522954047008683584
5022658840950971094
4566450480197034069
13364363625969607525
6935788845912954743
14934293252544259721
2425117086646885069
16578693210902052413
4486659965140582760
10022465933897216740
6112011150738294808
12105749189897980674
7869197381031666550
11576981267526448280
4786212789066255224
3540875405628024666
15675609126777546268
15444561700401199109
9589840482975652429
9822364991952432500
9440322774019137733
11295968000570227611
16061350192922295542
8962380483001895282
5864979282012764470
14519505575394193487
15920901950076364418
15145735636999391791
14827751458111087214
16408697901940896134
8029108125611907831
13894686648878353106
7583189066414889886
4275261679838088526
3067698775282606301
18442589435003431253
2213135363505498212
4569234116377108590
11399786851555209459
13669346140403779626
2821279440558838317
2119892816114576031
12543030702153788478
1959449413161849291
9458933290776325516
4790653152395946410
821307868559581384
11036461625903489303
13246889362829709729
15641984853812968556
18408283025061153506
14160384973358364808
9395879382091419257
1808696402394571666
10832916231820502692
2882961237292179197
5421291758651974922
14053550618623698265
7295184263435402064
15060191123035353560
16484738056058179654
16596458716824551944
13649524069724505061
12181489708086641774
8555035847364831786
11598672353369946867
14012797285604891143
12514751989891213541
6262030431605351563
12490007696860864759
16430939153121132141
1842492387793261390
12154038212522425658
5132747177544220928
7173312241598868784
5350583591506736423
3023870241196611317
13889801532662936068
9047873656026259969
4451836997631987691
15843730427938294868
298443751163466679
15503702047799647246
11633570374038652928
12035555791601812805
7183044140863625111
11792752887306562831
9762544558075285933
5595140903199492460
9103792292617267
1676222487813585340
5461538051905514443
11056356180212363306
9732062473178583463
14746591410447771972
14511166614062226722
16736691347376687105
14048218835894618472
5608299604341002984
7824301090752486627
18204029821094989596
10517206274991750243
512859099961821420
7330213954158974092
1660353210370658212
2028383553771210213
10428990851923347766
12478050210891347416
16450424197389876197
18298470267763880458
5712526779421349294
16739955572762126049
15318431357858686377
1640247265143138491
6699979063050025929
6746056688126172772
12834371925456726645
5513041588310965286
528793863546857760
1500473454925175939
11169757983483562584
4728939494343366640
1764948912454244567
17732298518280320124
11355884827274583214
18299064161513793809
4290114932219383882
11566346072507929353
4544018517018227253
12542535218263324541
12158092860010401379
6212408855054458866
14986194179909668292
6642493375032355880
1899196479486228528
2116093788012212717
17736397733095773175
8473125371389226533
12187288334790224518
11533103220458476767
13541747025108050397
14537354398920605399
4582612796806962015
1391122103928330336
13317840107751115004
8781291460785841054
16017783257553799880
10235769904450702132
3832401537768415352
8922414109813471023
16213098897527766521
4591898233780923436
10203912097620712069
4366149333785747888
3952465631685611117
2803850356542690847
13980574164800857099
10593481863267857418
14330359554628128430
5746980153190804463
1635823335356963944
3287379917301170177
10075744913328740296
1998571007810368033
17303987052757991674
9875323349990549167
14109669545386333822
8436192322405513570
5046068655733458703
8058674426045407606
14187867169845995165
94119202659215949
17474460868087890688
13734048936284219924
1699284916355820508
8233694225140436429
12909732464856205305
13131955739082850032
12982894899478460416
14190761378036449662
14622879530901139157
3826374817145629961
18420463514118376712
15940914686950236984
5584545988349618015
17594770787663226852
12480630008109120575
8775321283958446216
717490577043599822
11264323075565039562
3290212235702533443
18323193454044306784
18046030665215082227
17655446906145607195
14274889734121415765
102293005284354826
15957004101540856334
14485385529237838425
4785693889192387703
13579461588743832666
10992679631028526471
9222802425137553965
498855193014919955
3184647774188147359
832893887196446434
14929029331892560999
3286594331066233491
1650077994046420440
13404286297229243687
13462468766127402157
16273579642643814361
7023390221775488112
2229531861263938077
17560731291190044665
726134654479767108
2437268591016434271
17620781701435474134
6835875664867229606
15565545320024637527
435033701067528161
7452854007609756415
4844968105419873125
11069165133756191806
11228815621972909866
9583375239713156920
18376884659097817991
1622617687512814137
7620654423713588520
63979942924468180
16799820792715564685
14303238044815554432
7896579782952213728
13463772887731689133
14431349131781174302
16899596628693613698
689190945105930479
18294784357809779949
7502641800514932840
16529238709388715505
4985311735834004766
17134688334723072737
990058910270349630
3679154732343000599
4819861886839392019
14466465549189323589
10763182143661634818
1231654736807128141
7442499510546136826
2011595007252090635
16145085381921579451
5244436673703445592
2478757230510108583
5373813587432718876
6340680234783506376
143406956548656083
2414938326262612110
15513961837273074582
6434795438663722829
9795430740953056203
13880940195074762504
6795124706701004256
4891507729226793465
10197510257851885153
17264454501229307404
14610869222572301970
12340738462572653337
2191158220610023361
4655133999593811933
17518234544921594400
11003744051768023368
3890143537492263391
1327878941080409883
1669728360168332102
10995073519352360755
983931455541182291
9554286125791087785
15197290888474835016
4139303839024589514
11845032924550743684
4505194370893972769
3821630452282151079
10189343014921367223
7439281875824008429
14381430408185342166
17845362694630054439
3958805311937640265
11187829031103992872
3908119779119798687
17529978937196119436
12637477623842071190
152770664512273863
17809090192707375442
4679413861673353088
15412025154338543573
3840809344613723281
13310550771588027964
14691474066610072303
2305611428871264663
12599543007636736081
16439695810451091794
5565602687965866301
880529024742566014
10071556304790993229
39006147962327105
18418052556133826625
5789767529740981049
2032236020843838079
16707551855456635596
7105484149671359301
2504266442877838892
16611058682091726854
3653465086912367227
1360421980758367944
6657405188667779094
10557821514214795292
2780641212831198265
8002196025967375782
15382091199643320981
6097830548017236712
15193685569569745213
17584238830264250198
1467067111938307928
2110181059544599894
14694836308148106456
6507248606546925663
13784783063995345074
1212047184192826459
8890745134881620890
10438277374618252082
16278575626641411055
392351076774356587
10500287914242524924
15354897985048110037
11336899144733251597
14674489609892598522
7240321216086533841
6267616781893487193
14170916130012291102
12113061216635958550
9852040771874673763
15096542060027741270
13824203507277439306
1339019539804586842
17207051109147776132
8775895221366015004
17239101099215144860
7820184886069882203
1065644590179720723
3389179748894349343
13819936929756737062
353579853161942071
2300150465345008793
17778929927642416750
13843758914368834048
9321374563670125021
1402440374841185540
6827789437142763428
17091865723911234349
7813154804910052689
13854377681767880416
11224361417848005606
16145644178806969169
4643448733163702093
11332641885647815545
13295611378288373738
7602513866760953925
12331093992226781379
4258422457395383409
688873651371756965
6404577317407682722
3542798100124453755
15800018481298575212
1355912260424752769
6808603402841127750
3380503165434051283
220470730693219332
17406770977792481093
3198099849855309920
4719297054097766916
7687364170149445368
4736576902937575576
2087956586145703065
16536612315634811894
12463998680510459480
1050854072934981927
5341973989005603571
10449573872839241544
9039275795635539222
12443352111078625937
183757475443854499
18207500025760967974
18404256169527397227
16800393250713981940
14628179284612969483
3509161959015052659
12655965871708467906
2336146328309208837
938168811407176581
16895515057717321458
5829633464277787654
3387966927770269298
2354191778416259433
17636350602649345112
9338780886241728820
16228054778812246547
17831604395527854112
12661542134881570932
16067686532334617287
10443167600849573862
10848003741033084156
7314405870848449919
1345089888970665779
1938716521936555216
17294603497650973844
3466331592697484096
4139269537514930110
8242305449178035812
7206644032003805790
2688843160301030336
16965569600592878608
18222985507689758941
9051912056992931757
12918767612076585842
3215737110463034464
2548362334271482834
4387556167441514535
4320280243226571514
10343540805589876976
14346070407201571230
8865572184266273771
5418993984687286218
2188695103923381584
1357000850565573354
17530102577543977430
1536503375317625951
10449633546189128861
2529724054932617345
4848078686504215230
3525586874869419556
13930034957667103940
5368782081072592228
2701513985131730098
6061555434798943916
5590497834903354051
4368582496214852403
5011604415758629069
5528039200108520856
5961549505447465965
376653383441899503
3641151309732794326
16616559186682079116
10290757794833301018
11872349465065684276
5647866421075214234
6922546353770701887
5741966658320107018
18241848501750732947
10096028344984881407
1484499341316733052
15020622005112287896
163895633366261002
13697272847947664366
1366117221761759415
3130066622172291902
12088198116618983713
6427074270879905126
11138013017448195577
13831158959391004062
3219191555344939716
12747961628972179227
3920210625171120693
12401013068089915417
3906226770734437293
2464067538507975155
12599149090803641507
6077571763607546086
9434215573903542837
15515131199983972310
7742070212464651573
3300905329680911385
12509651524323059768
3940227558110775766
513305889369427613
16526305604007757270
1914728565188548097
6310517215258806004
11503002423221918317
9201391360295871561
15685511561669966268
15395347381635881837
14021283313013831484
750792755573786316
11773812829619539864
7744716000950661162
6937006905738759518
6029506688253235235
16596970812645200776
17282773064349226867
5503495383265724236
15579867342348871377
15512652190410733526
10263216933628319637
17778626326098192436
14957379301670291373
11923581566239835274
16055655026621210391
8768352772516918146
411012407336382528
1912858152531998811
12205306343982967919
12418618761893597437
3084756826522861970