7815860394341696784
5206391436143707824
12478105338169508825
17213083613871185217
17499681258284337619
2133774030258124984
13524136791506333490
2500338798048585412
14829425818136318330
4854554254815115814
4762454501099493249
11223437336821156653
10150516018241149869
5602521579566697457
4012300448587738052
10649927088566643695
9915473882459130397
8249952230120073762
2900373848166059231
5897728666186388126
3519743151115850684
11844207395280986441
1291197562963370435
11803559469644002131
12482795128793543811
3515441777916803522
401195320645961256
17066582765337208760
10841644287292799740
12581256144861019404
861160997586433286
69818969650795506
964470976178773833
1347156712306091579
3484694174528231477
16454383104681596022
44341196037150308
4692787175567345214
3123882883513198009
5928998822476394078
2060295369783550827
18073609623119866722
15932982746918725769
4765868622597975091
17946752754416350207
6512991551366638779
2342229941703981007
11521541465898367983
4333851492219251515
12087905446416178632
7790657193680862284
12018464333251757646
16765266037688470836
408609860883072938
13313223910808338514
12997973215615315693
14086003086034818227
11155431770947778321
12443284050007237330
8857542169532848330
1314508196754102369
13350059407314138140
7621280178840835383
5146487130065038556
4784934620616491367
3615496872109366080
3259540533315617060
12207512338437439614
17504859168365442441
5348370936084028985
867816582386264877
1925357155107838830
10242393270022698868
12413142806128715988
13361400246039925223
9843133839017596853
9256824968530194694
16452020332433711459
15722650680402434734
7705763190971685472
17999057252789580655
11485183725795981507
10118563322455967318
5282443691123133489
1480249628498032154
10390309726884174232
17911025381492215343
2634774313502599562
12963127384730270975
8989396440780550942
3824886586268150338
9345384269758991194
5764134490257271067
7966054815495784439
16819048032491673700
7433992620598851478
9891910176986393873
14829769780012606788
4770541172029559421
2327736081824250094
12762319026336185657
4345153193689194745
6687680600559281504
13943746102793388346
5685557980480468340
12931688425433717092
2807092069550500018
8724781036788753610
12990996760592860251
5324915952459794992
3736995706690186427
14066190239445063672
14688667860067907617
15014754305225156278
16997568528666362139
6563998813179210964
4409295988826271054
16791991435189680834
9151540834861363474
2088653600494208339
9375012816577056318
3104336751441279769
3628418193189904879
16673175302415903957
7271554687251169914
16814132287618328453
15290523562646079107
6822234681340495767
3561513998062800672
1163512247531497471
1320319168080752540
13233592111532152599
13156349218210208668
12009158138350237413
15895503281118575503
11256399265160622914
17945639216539423809
5574268540715280941
17371998862037772956
13184850839708827649
7550555821399747609
13621016237442667026
13584483932991255938
3967720890949072222
489563308573116616
7682210752544715261
9684639115655582772
10725121864447635914
5488606789593304563
5355978606180732628
8775367989556523246
13169826259413952369
10943532228535409031
14332692381454994484
17055525360648217512
17693536631102254902
15612709881149517490
7655340656066153815
13005887257216964315
3925619027397251957
13686591032290856909
9429662210542615814
1666593534991532727
7392890939983531115
5575918815503332089
15765741824331010324
8917851887408117829
17415465708098222745
545108113405830087
14745738355803670165
4702334858025283570
11703963832692933823
7183459455062029933
6189355072007303600
12330998876377738824
2747369638551283397
16608891102805601536
11144253979983586113
10793480874751302187
14639018315751560218
15317443188100219074
10817740712830225709
2404403101353664131
7378639479932161784
1571627135733411102
6402589931617177096
17622768772654354901
16313550862260069825
2698207223071514270
1425901669995040518
8087077385860669203
2037404904551073651
15260390860991807336
8762488617801586899
301601357680536844
6262824756228932679
6515741258013862927
13821563637829737532
17622010265706617214
13074343035655253067
893491146338661873
1487007306394193652
15459359722259921664
9089696984128808268
15200972641481148876
11737028022292696624
3740612161775900934
1824288118503274250
9998985241513198458
7075995668189611896
553889608012023750
13180171395380079645
8609973020398874327
10269400883516205427
5287495043360113521
616787961682046597
8495471732534012732
9208575180498058894
14792471013332201133
5573911983489371978
4454356538620349677
2692562407280854070
12351541371384335666
1059382669346001092
9189772157846976088
2743430159055320488
4130332632194078127
121965359567442989
2277953722247810525
15574324619943132557
13392864108188716940
7243108187584071744
4656910470726135163
7479151840875581725
531467789184479072
1665687682921446777
5347054741645988350
6406416091291920117
14959441176404670370
3690663091036839077
3015766870660868923
4301998550739523086
10116780853021879718
5196238424939996712
9331911200952613042
13679052400055362072
4604843305901849027
11026972553266638619
17773079973999392343
9070818012537930469
10017610995184837380
9811719796043213005
17708011957861002145
14494106386943556387
3587222741022150886
10283574907693795218
17137426449176176106
4470726368842299991
10305663296122115592
9330556702341084316
8999140442189558286
17335184136590569829
18346526576317653179
12157026285557341251
11864447321712904969
14293518133648358563
14660812692835666076
8537689592850372605
4227480619206991418
14823479810301509744
16428071582142678415
15327208382121464855
17147211537547508933
10668710326597561639
3118529623980115006
7172383904946520060
10798576368835261550
9178602584368927039
6852457503619315708
12928819194863959327
620401611723149505
4889652807824830776
8165552591263623174
6072366936776307465
5884587531013908196
1219139744978148524
9054778685951625168
8106914201344130847
9091800474673250102
14839985645056789055
13305184861163967712
531858647405135271
7025385889572689485
16585180946911876774
13068765399066519112
11236430213398496725
17035375064599207637
3120187267807558995
1898432596135022581
10398356090609885762
15254557196191503449
8939522318390430779
1375347980294520511
13368864540738090436
780814174613094797
1695689508548840546
15244332243348195382
5131370480732759123
3796470040028496892
7222992216306265668
7393798218531310116
7617373598996587253
2641013364672572551
17024326872597997713
14115613623701513702
13658741417875550832
644890540477147886
2217502888380624614
12973218452525721325
6457581338496815974
7388728780954243308
8342128788606629220
4067600900889997773
2709850211198900459
143794429093681215
12603117833919937036
6407897173646889149
16266263437656207175
7668516985794781375
17462672456092452551
4146450866055896968
15503616881693830973
4368841374616067883
15484790576973488582
17076927604477876613
5360496488929319412
8878698300682408205
5434745039309721426
1818583279871969438
9859893699536101277
2657821222277819606
9299861984779564693
17371792325600578303
2350957086000801460
16881413861317702048
3229044272617186287
12594663091256536478
4351610631919246596
7467264170598851011
1263902923359777118
11680282474059645575
138244630642074104
1739905015769289513
9915339974556431255
3293145691163129891
2152075333119684609
5484316834323500655
5842795417944895795
12202643953816529920
11971093439625536598
1335368106258415833
15458601639766192017
10387218300465518289
861126102947588918
3602102478501119362
18397462232859557326
3543842187243314647
8368939074893200551
9867839496412038270
2233639273427664500
6665810985567733752
16385722606334939172
14056090910664242358
15597698055791168781
4114838774658340376
18322734595038691117
5362762312962337070
4376314964075685513
8834077912398451028
1822216375287733833
2135483240372498174
8774512888348934239
10756699453614472219
2170340429299473816
14401866338359169208
5674384625531512257
13213960811626568344
2096801820628207254
5312232767198351989
15489833912317076407
17955484930407898910
10624973410544896545
9610591216087656920
11259269807633392187
6056861735472340431
4460893519064141310
11110979586015468834
2791311204444996757
9140046822375572596
12426077948224343008
2064585849395087593
5566448120638475788
14955139436137728468
15564394330054841210
5173378704014381399
12457950412306312867
4975360795474312567
16861412346887286256
12227163857870834859
15133943355607171761
11270441336503569413
9009227577390997369
15229854080744165895
11636914991258410904
9840443314609802869
12467902018840579596
14520686504112084870
4597785381082538997
5747758211004537061
2725122964277365489
4322236172846599774
15185045964689015055
711680989360972057
9246605223342750508
11820832465932138761
17281178476153186237
4447355986867370425
14203456127955833455
6729133882301614431
1102189519085801493
5295957574740871610
7147355596701000833
16987561109297809436
12020329065149721758
589307210798877900
1847151294196954884
7315054455599151029
4034024470299250013
5571689937347524970
12762784186257046201
6142755904229001463
4763577294775755908
8603718525150318506
17991438676494741863
9780700723208345623
10117683723861851608
15351226669120568666
8769504163790485158
1999165618787342517
11624204816936500552
148465166572622853
13480026675449457302
4835912067911643858
16129507806869026522
6030438627471227774
17773900935906549586
14180561333648855424
2337738221132067457
7027652146874265248
2945321460141042100
395349581421104661
6657338982965699473
7962917717460276071
6179917755981726833
4945878108005530900
4427683623841255630
4893042066240646639
17965483124749946323
9641260937368491035
12507176150045379491
5403106296783896559
249404911612359947
10798310325967714552
17564778512149093520
4442970505694609120
2120297660835992825
5797462787882261849
5061992953680987418
4212631420030086208
16269464889529997606
5458068551083810182
9469899619853070702
15426908956225356274
9069304925468447948
2722499348331322749
197332367195526073
6045452766432542342
5455840729001525713
6514366117859473029
2043502090281793468
6767708203352323582
12583951331860857218
958737267451964159
3848810887101963529
13325232011178597556
8368305731284696883
903856422888410632
3588201797466309375
7906102948201661147
5700297299477812216
5626843833719964986
5939164316617397293
11673143598740901437
9402740151085565452
8689345988687309723
2098888791335046352
10371452626397173841
2663241223307741673
10055798284101844085
575789080737809258
13627948222946752691
17004209319212041885
17643699853236161579
2326824682082793163
11297518044132043345
2956332450702783343
11542690383914442224
15305752190501536274
8284142574726348989
10983039853431683133
9122887514901470591
17086716807572793886
6309115567509376325
1478844116286407301
7550318403162703074
15804450324244971163
13405813978602860455
812423284118511286
2447184522680191998
2759503315199587476
458738724378131826
8267959813523228899
1099989549190253752
9924647438291640792
16814034382604367219
18068446932002259494
13217727045989636759
5967068125022414474
4333118374718833298
8566540032597001871
11771444899232918271
11449680138687991521
7590222415879162924
16212355842322455148
12222922630317486065
13882153614372359433
9572684027810779599
10850031271473170772
8012917628556842683
17746983026727384208
11746589851543589711
15387457833112472477
6370850716888487857
6183953341210421352
10612300626646036793
1072600516956906404
13129886995397957638
18362196695178209904
10231447483331961372
12755257746100961881
16547356973264966708
13001605950553465224
7142509915297236651
9203703028822493397
1393326269447930032
15829271052863042363
15659059917053158975
18101515276713920743
6490036342422691922
12054535190674348296
2527252566217963401
15016086311027280971
926571834135234914
15420808276001722316
10733552611735645618
10483550026019050394
7667006576996063182
3148282191253152783
13280820551887894933
132016237916470259
7094547822839576407
1635271624477920775
4423142683442144045
12314071686944254787
171526108604894722
13247938471668373990
14631893314696499954
13455765924562724774
10155082409971988654
11693403540673985363
4813590156912411217
10139194676203817456
4864667386225658292
12304047926909841205
6067595285295569620
14695462489977138419
5202620351134337584
2764669949446794306
10662200701123634725
2216597089631092463
6445197700271271226
11001631674256071776
5076827833328432151
16805176931965904637
17116772872689658687
2069221331078811860
2785548379178829466
8591464358096916735
1098319302333221029
9580654410018068981
8174184991474812857
13628029987083583957
7434591214053064420
411652154644616128
8700088324839268100
1486053806232381800
2727574192978342999
13944404376137636791
13376009249815685267
10451307850938164068
1253140573006372533
10427116265232116826
3127743540020598983
14000612876209838677
8408722231956335733
13748928805702360145
13452854357571291000
17035104150319350267
13695784634167768257
14249806425281647181
12820400446396562377
14316365559487931127
8567742775627842970
17270598219135008083
8067972349782807504
18000937588943798437
17090492972112404778
8260671709491437109
3437766007615849957
11928283239883742013
13206147794483491551
12172911283112916227
662608933884653353
5388516496117035649
16029700397121821029
9149502462080271294
17367783586947386982
16946133546514683611
8525562922171488260
18087272835817267432
64327780315699747
2530835574542326343
2962938450138628113
11046217362469128763
12849683324260426849
8741309118955412076
5365964944603928763
17044207204114519970
5841194275097111399
15246597209516519470
2701996610679677243
4569659601193365897
15824090509506315832
10858342485594176512
8118591308259542534
9959018337296531561
6453154617753022664
6655003299388716987
12023281778807107429
2857448183801099752
14561073911742132909
5121753103722879857
6940034182625095999
3263853822024669206
10307349389666676872
17288165025984750819
6211594174667968990
2857272855178505357
15461409018740827766
16571086498242537181
7894538341984764110
15737206950099196978
7442674371332774944
14698088654628121818
7853841049088950712
11548297464776059062
14611330045089703713
3415891817520926636
10392215265363196273
967188902974852564
9207432316951808151
2387635551904979803
17061333210265053745
8084505666195353302
4339869186526314720
6825915625191280405
9353683072371625927
15267094508543029911
15357975315251376344
5417089942905968613
10953726685233316871
10588789646263791968
16849655763135107598
1803741405710855889
15814128160148553970
8073242464525023376
1494658076134648920
8792044309513126998
17451454151012590934
17499507600214602362
10073747289254409870
6104128124366468818
11347970372548717604
2823159958707967572
574853470722561772
4318233189004712716
2974456680199794582
4829631423040331292
1280236499744351422
1555232440399601034
417870464486174433
12591537943496757734
4839196315767024774
14734974606330935339
5249716906262272496
17566908135419193256
17915256724712612221
2782700121927359344
2530697458623107559
14143380627202411271
16567293868714307667
16006269217786003754
15563223290441449370
15294110686303919947
15712538943304685169
9927284744198633693
2216946626623720463
11170140963435760677
18044016733214418423
9845481261983717815
14305816014695953376
6283112602590758344
9651111475065784368
14963041465953993467
13579650219639955097
15845659422677411594
15737930337648059757
7725690344090863151
8916357416788987129
14478566920609874271
12245373756044832858
14523634232342376997
15165520528150834583
15553649574986323609
9589981969191334399
6893795480030877436
1151674878101928052
16570746230692474137
18426721548824361854
5257485001108034981
8715515303862447454
6983132273016997581
4939324653546548952
16997054982333333042
1404384506830307292
11406850615602271877
676733286496310287
18169342582253994427
16218556367844580511
13556107998245477831
1689014112259566318
6564978956924349614
16338947403058652055
13401073767139132911
17369839879744204907
11857497254201588899
8154361915440307254
17541647568891215592
12187697469249773436
13375949793007442162
11620794175254911516
1006387459018162873
5878815372222501733
14599701909939119333
1357816093821215440
8616329137389280277
12433682076988795817
172180954724129977
10631058625761217068
9069216243076545382
821579945540401002
13076356885258836751
2115297018563839280
6637684083489219313
7666020353830751010
1881362623754780151
1569214994477960482
17891031496274177971
1739763925147944500
6982802971124891802
7967197554201272680
7062151530292900866
6636457927347723663
570947433271238167
11223186323113968633
7494768658555304251
13068330460036975005
3017343299728156122
1194798489594399784
2892261630043657813
18090173084287648236
505522484025060415
10785564635249916818
16709388515259869791
2352817005955911474
14979364327611453602
17226672539885277101
10260645411076801682
10737350074520429922
15981210806337843837
15126806460135312841
14226575154842434910
15455084333438490780
9937595134663272681
1097718071465847512
11962628462885005751
672831702638970110
16489321289186151776
17157500335797761601
13268476599253472902
5913640825141999269
2276472381194151020
1127806109973081652
129208584532249983
9948568879757769160
15976413556213510115
273971445469280559
15028445274006801470
13954880772830367555
6507121934558020455
16572958573827489183
12212702936312267422
1512392453673212438
17289167441747109096
2472109698982695077
7260690212182826720
5080225541910876571
15074763924344662817
2308763776626671578
6914200732900464448
12432612982648509699
7652046472049379562
14078351202764715372
1863462768446698657
1910367491231370028
12587466430723167150
351373463878468773
8574820080675568730
7111050498171869412
17470928938284020941
2017555398462535767
13947073337765712996
779507956440472600
9473749950394899065
17486103612982806468
4458560439416565095
15159935873834382530
16878408911136533139
10109776930371543955
12284152188282882881
12860529242340386655
8586636805960331561
6791010067948272218
17095284579240717235
4388642780956313235
1254774888001556822
14973901110450178812
10869942399575252746
7329745984771923417
16631560139269393383
8287617468572152833
17756048428830649570
8063777095823851413
5165793741867873680
17651158435721030272
4596221710604211222
5386105679338134135
2067126775278379731
18103482890477101809
14477205992677131976
474667255635165111
5989447816108231848
6687512211661110650
13672326832885331753
13062610308715640937
8792850185850968507
7509252068645824203
8702226176894045840
9366517302503203523
17601670975186200184
1171454808564523631
6886214993059845786
6456759573482431352
14075460718882353742
3932265087212763478
3802164807186281479
9849017757438404182
13372804863980277489
933219355410409646
14057943433149321363
6554950018075239547
9889043793399305970
3404034341590156769
3022646639287014874
9878341143606912296
7847194939612299162
15118898237059433252
8527526543187695535
1663094081943865250
8970230766128692036
5417111494544478489
10051665047283570478
12407010764673519743
49422999734993697
2061113604264882550
5767887909120258372
6079313859005675519
17012287328313542306
14244517811659555852
12830090581638550611
7703543156464727547
12999690887339456308
13263117791244973667
5074985112577428590
12125502408594064394
3414050298647099129
14852223337480543624
4250833034151850207
2985239660752088732
17513542658643996662
450531681152554106
5404374474111940388
12276876587258370517
2667444887336770166
12964603481333755628
1047945039209313226
16282667822212790063
630245005358705975
2350695661574102384
10545210863759579049
7604560107062075691
16677323874049629518
1233915960506514419
6643959677335332601
7503232071244574797
14919561534103942638
14824276104650432874
3200264779408596526
7142307736309405740
8826043996745257540
6857097099989540866
17841940482711781750
14680943504677120215
16490337922323107139
2973615866513605225
11430457150560420860
8657810902989716275
12060393316025399953
17226634615047960932
12173086636339446539
17342741105512005165
5876242643745221681
17694148369999853555
207787765581611090
7462840341694311735
10832294159330666610
9793286656301656842
9100046148398183111
13667326267608039666
5725195417658489026
12479440295064139126
13940983573577231619
9010728057555271816
1681533149019978208
8221169727918620527
13198687941136887038
7140140636790241379
13817939294875681588
10764602653625997835
2689471127219928945
2381946117744908803
7991398754191782125
15076294104145630967
12549258044405536109
7823306066846185029
11603097346699578781
10406407756217007952
12438516562330483456
3466739965779349488
17010641755040892422