13040938524324297364
15620241885032495900
2234392615924414051
8821349508079770815
1701779036162691003
7910550305519506368
15389061624800851018
5171280600035273687
14856013556309889237
16267573960688074095
15342538322088269464
14383768211297426638
12277413967882489426
2806900655002337790
13014210744103896314
9811275476358610547
6096400605305766728
1720850858690012031
9880840553285802284
6848187801655294732
12450383595748196678
16832832781286075541
16942920907428450728
4581827049502307216
10544552061324067038
11321851298148738006
7013086094938795304
9445362577523198600
7288944101727678566
12344455869265185013
7890745614964081081
5091951530621636035
2509831132537947706
782260896861186323
8368309517865884763
9854920347944563434
13635916442502203827
158560835623456313
7567935150917401705
3231344978169469802
1644159121479369470
3985247286773478559
16237998287817483014
14387262260913656485
16252123183117329050
12536781005346612169
12702514290149348265
8362555421926006557
2712112935895609200
8365825920404587740
14883685775574860684
17837164352066610383
6096339730767934781
12979899707037497728
8387949982576051966
5879292796402315670
12630391744286982680
4406282849643712613
2171070629838903636
13568517291453447551
16656065120271989929
2292396679934670571
215802229156421730
16269389300958445969
6256976295431814992
14379467233510273947
12648361182219569999
9667995509419252217
9304463149988491885
2418442467573004773
8814800714129943945
5304183646738786086
547869721474673448
10896090962335158507
10750851771806541769
14910206617098284108
4915556524436130097
7585228349950338534
16122563171273537922
17521640465302091589
6290132829105003420
12606482253519083349
16683252575862929331
12373068101043546628
4927724699696179901
12123959127930514411
4289946552349803008
2301299671006864129
16485515716010586802
5303326916371310787
2301788384128539027
4141135151951219939
16615373435609544400
14842271366605646384
9493837417748150126
8084164729879252193
17049659672053262787
11563733784307143251
1052477381314428657
2970146636020952526