14718796739350558295
8681097717850832013
10528896875763740648
15574999933098687745
17739827786245127686
1365165345160522329
6521759795613974720
6059195056996519297
6408838436434933874
8879886426856784852
8178327627846416628
7968413673088071201
13996408251883111361
12135051257717264234
17096533761615548928
4487712777861024970
12838827711044718069
4981520301723537331
15370052970658919724
15047243885730592939
1965263474661445474
3107033295593992024
15097426822968012291
16950879592928929132
10151581445084407926
4655546211950558566
6468721559810785960
17762929773497252358
9230356089874065867
4285058944529034793
18257143667392128807
12886091917596853205
14795484421184089411
2022672614475608865
9811910856264928598
8651781565538363535
14943333735697435160
14713717161086211501
14620454813712275012
8170662334487005325
2662017410111026715
16485267820504448330
3081486251879326753
6852566186496133999
13986883531953530531
3970317432030676844
2093962956029590812
9939008258648930687
7311526982919414786
17778387019760439308
13165215703470368807
15401839870585199730
231629057771787634
13144109646517224967
12264308980335098511
18248310766635504872
2681653753709380885
16139597627168431212
2697916990348492247
5119743526193490750
18047887005886858094
5375923637821511599
129110048619828221
17645546389271268887
14761691233174948986
3246091316781111807
4035475751641206678
3310397931291057315
3725772350846268763
5442307751846107972
12253881249855340798
146851791079964922
16713088802603931839
15119628263344608175
7002001791397862108
2186131867302860933
9264083363697982793
4462818634324535773
6987932212076522832
10664963095424435819
12352875131933245142
4319541725789614710
8485432026519810342
543967145629648417
11798506487640834620
4304341395200434960
11208894365742019181
15981046556378663780
10391224609190846596
4968123421117263424
4613547372173038400
3103556144743070842
10561437646661025009
13204263738516985023
8836530995386613534
11347549632053291027
14280648491922429711
18098981588048009117
3207798188675043114
6107038637211818348