10167809588029055580
3582816233337319504
15496129996631800077
5503376031334515321
928227765990546577
16660920009484437633
15387401978831008073
4798263895540906318
16568791503715661711
3146349540353491669
1744319955451241017
738768606359917183
5533617405792561490
11754775915269998546
16398299945411399730
2407610157351470443
17379193966109563359
10659423535530155908
1726162551164601944
2609591462118298016
16574569094289985038
5982657800296043630
11089881801891588873
14695677764693622074
7133689445178526878
3044081609146119121
10029851152217769030
17336073419041936884
9201677172772040250
2562987973166951240
3900523916146692363
17825112866135718180
14106078122610078414
3742645360164218870
9710287979914031154
10205832786160655291
6937666697864406067
10993685579729672489
16787641696444088628
12906776462478450490
12044916055078673399
4527543357022847550
9315967297722906247
11854434649425605282
9098222315808131509
13159035423231884730
11222794027008545171
1345361138997585263
2160146304319755255
5572083733955361991
10768036087807603057
15326826324194394088
10688291510146024216
17826176013633015826
325751374364791867
17361942704703088248
5679092838308677052
13995528317188508008
16786812601565094371
16558186030775315001
12119119968117216607
8511205048872187798
1340083115650704509
8770426369912358832
4312382434741847777
1209515549068804243
231271569660012183
16307785895865786006
2668183445473642561
16941712287510069930
17965216165592420972
7469517916571842874
10680188661721772327
4452718978255416974
7157909351193401994
2585686903895262855
15767189696869803717
11949117974677739454
7020759694240210448
14831061297709567892
17811592175039695442
11970264018910671050
11434842003505625042
8998060448167097064
14955738877256999719
10172145356068336803
8540228389340012772
8578984892460636982
4465874635767880692
14254576496173197000
3261719502223348656
972307402492113691
8350330854408246033
1042607597104543974
10507381070967032786
6963237300937167226
2819145435460875788
1513900933506229147
2831847802854879600
10986525327700804679