1130434243434495861
6844583090034505170
17378257159120706555
3844500610415371503
15140318627600619981
10801920365636419693
11877732101362967111
12547148528904707502
17858035392203868298
16285305697242760222
9583363037081547518
6582231646632236234
4015870756821166089
5345086393129346239
4316271531012083011
4827250301125732707
14132925324244522007
8804498256256518540
13183939704832014050
16592132314533967166
8259069340144479413
2979292353066664833
14923785236449275578
3119728305287916320
2597177336482710361
15235880561124737843
4205615276089816737
9893762564238607066
5457248217231706884
1971923692330828370
1848345364301265843
2469649041316412766
11899130472058134063
9271479066857948036
550176984404305059
3377594213447223951
11259929541803191000
17639142830532792964
4057459398326742389
9296974453105497026
5969558840852116613
14752289564659971888
15232558511637453431
586432875381201630
15227487371809047560
12285398425482864470
2775195866053189359
5740804320239347264
13361296897873628901
4214502013122723054
16839494119075744448
11856705665700250775
10395287093125856308
3721746643865527816
8171589887605238804
15135674201646429387
7904180319737612108
9628495473831298507
642134344474702870
3272331539310822084
7471690601546457867
15632474858916556385
3467940329149673762
9861976407472400418
7290432296989326011
16262358864126591660
6133325145777176872
2558396552117177355
4167225589597339512
7295758872082166679
212574552433749331
15119067305777925341
3994240051552504426
442966863640855709
4772590846887344923
10063906019776034873
2496422091441637035
1566887107585933919
2272706138658207768
17292103830195964708
5293000649066941676
15976434608806048856
11260051856861174607
91957628827040377
13476628485507710134
16249777492308650000
18244985463396901965
17168781408058639401
7314936439958129990
15496910697281922307
7590811255969266218
3245417216249100026
13527905809204601361
15477874720725646361
476319154541113601
7477144829065381602
12559357892404786714
8350552095663681598
10873869292355440826
227411421613754960