739088670922343376
3246361625289073714
969663249863866175
16790318833010503839
9198463533742353401
15928786409263097882
336501643332073293
13965201121954480363
10945050474656202364
3432879228365405106
10711112768705990537
15827643553174994056
4890903377064528742
1990154893594082668
8685313714853811258
15284281657262367479
10862456708048256895
9719664113880737655
2665328879707751817
16026375901827384942
17162406669686419482
1165056664564196935
989703880084953155
14621740444493235330
71358168389677788
439451460825330609
4163719277387554530
15092979144261521106
1937991783551217870
1887083084822320660
9765295565188059922
7253501872165855336
13003952647054569430
1476712106892141908
11315410699117868117
15002197080319647684
15071743786043523046
17881489576291569291
11756057207141746571
12925682016919337319
14850160946716138384
11159501703385324844
8533944396806015321
7208764325494526520
7287460693207747804
14080522038331565663
14012024354587308512
6315770154315379913
1855816201173338205
1628915265169664776
5640361582980644118
320423243210050779
2341001358375858483
7905655017868456723
8379269678128377391
14001353483114390006
3920963806949624136
8107653762035732100
16944125564175406808
3506087431077852302
11171838595489911013
5027056832226824643
6900515325208140274
4979225045822002595
8878306205292441
6604710780604335826
1395244954779633163
9974883531279383536
7139584787650826178
1072909959968404541
13851526166294911896
13885040059369158588
5630035655174066712
4837359732729311174
9984372993421438466
12337923048456773748
10445397525250990121
11872314421329999785
12811421064262764911
4774534170389638529
5241808793116718785
12263760408841700429
12111405199404765215
16489187880119804888
15764429838762255392
3506201882762254943
1442863014219101863
8466312397922482064
36146762597366899
9688103523991917724
9254101178870497850
2018670617345401666
8352362251701879403
16223260333480593307
11117312216367931973
13496862791182957872
11041567333081950130
11007802692327044109
10757400695570617591
15357868769319104930