17965985823408434421
14535026773918124247
18068740143092498048
14745172689490927229
3248658309546247192
15066300635863825633
15384746959949365586
3046883541114901540
7795105344560395171
16455400009778631776
11477312149585471830
13090444644537586415
3778055002145516277
13727868030992406115
18349694049622166365
2463580260045743323
16046748765564038901
6451932856717291279
3832415303986539044
8039728987564585057
16899914524567393928
2250764104269402748
10309709270872888752
5815212527351690287
17065526779688316683
4474317851261341493
4395306794739845541
8417335774508352248
10169735888651154824
5145930869482740847
8368998293809917364
13605615068973995515
11011547368144108134
14885961190430052965
6480683179181152761
6777701171514895235
14773635324385622226
12788274173768523135
3401020345995752999
6942215851272873215
6884388904277063769
16769226119603873245
4168830065352209175
8058870736788837689
6424591904974382909
15134292241119154457
7526285031431972351
6065453647966266699
16073453221349247632
9470555886203966178
3923853986340448467
9225205947095917057
1487698520041385191
11358413936994347158
12754761412130158337
9369878783020727021
4564461553181733436
18167026049320617164
3375253956551039911
16665279519623749684
2795031994926728155
2249745952335790999
9901976904484299742
8709545862828295628
13133382446995995979
9400933907737019066
14291515637551623454
14413812998340067806
18362757443610114871
17302183618698384052
15999943113000381731
2961276387114922422
16057970489185194328
8899253703431575867
13779616296851508145
16191872747180566928
7676555370367876769
1683915248584101768
12308589512976252809
5138841018854217570
16174086697210259358
6984266028163081042
8882069495958893115
707744801809478078
10798206700761102322
18010680072729892517
16248074158527859857
14884722746736618710
3357891267643813168
3806428208882033349
7851753354243692362
5042544343793355597
294710212898841354
10818892173906653485
11087331742577210413
17250860335067034865
15129898899412229926
11294221593456781326
14496804326376439621
17587107510095924678