11936800068193117227
7795759442515991967
15618550498716129571
17213543284622780435
3362038630913845745
10964229997125112816
2700915919677610827
9324049689722325160
6266826572748334643
5976799115740847257
15579736299163677390
5995324119056075477
9677710024411648119
4655621879864429633
3652951312605178858
16044608130031487333
4903943622198905162
8170790208172588743
7743603248750439143
4982667225321553978
16749566696627123852
14387687581081932038
1479311598517093265
6781592491114876097
12438667480203445219
4063362838230433048
15772206257164651206
63716019033507497
16568351877721184387
3499941075455301550
9375870640829436037
17111990481880421552
9229375293865525137
8317474306169192170
228094538260200267
812638920854248843
9384630982725239435
12231417293791580530
860086417852899269
15195124680696280863
612413359637774261
14966043728798008179
3014198425901008985
15518541055003019027
2468342844985591129
13314552487197083649
2187668208942349951
9880689796826865651
14483052046511398032
10221138911138124415
5783267782977709187
5227564203009209546
3063097168946008307
14350657356049315103
13277872221141770525
983376915165568927
15824443585705275147
9314072831534906282
11829098385323311703
8922480175969730907
1990258713538010207
1827789743233056129
18300790245383883391
6355542669370704272
767022531499099817
16287344405762164197
5723223832200492605
5412516171182252843
165011617124300895
7231221311933341320
9336995972731913484
12047575619166850870
10686623296468224314
2893383110221956675
10465675119633719674
9486230001720560368
2586087562716521826
9579769365970058832
1813406423520191402
7262045707505200974
10730184731690373213
12051454372257841737
12371281031629884391
13516122008295205619
6996479669026638434
9297191124195892381
2122452643000184603
4489880689030753041
14936670299682333598
15346741891222838031
1378339653340409216
464831539124921635
16952089256981906145
6809030163388729344
10248630730005002492
13964171842859543132
6863508966202799075
11115646214264468416
1071396752559667879
7578126825504545133