10023400454695126573
6695110182021756385
11683855465994081973
16779525844792059256
2126771598239800850
11721767058891039764
4368525031497181845
2039707328813713686
16953088824326898012
14090864558553416584
18348056537999024656
10530474991058153813
2105315604023649446
15998346844850261002
3661701807538899336
4042336291285683262
11392904073642689211
8765783975624663076
9860900872145701959
16774093083121226616
17458954926328678920
14161519436702079173
867996177810718761
16620673130216974678
11448186232615212961
12569877401048033535
10123921397693397229
8162097941398734355
17032947837877149180
1655911383848725024
4494986537300661547
15105669296927013047
8173798913785692435
15450682021863785669
1926918516898634154
7645151682922113955
11695443707888294243
2979739358629546132
14443517814196619101
529124630440670446
2075433089041805165
16675287309521769479
5068373889309085997
15055217131586563552
4844883842281648954
7570753957300402437
16073074614944748963
10447647443160898875
4699152626444936356
13094785082358505299
8143884565423256351
689127004348714053
2439466377736640651
8972488457194327861
10408939806823960945
15972998504211349319
12783013405525741333
4896306922631138421
1568277624152611911
856526397654563259
2372936720291298319
2079221870184901518
5233744607615217692
3108973254739332551
13130204261660529273
7143581013827826543
14796048368686309221
16945571746100197623
14675088948076986451
2688340081762899138
10803424770643199760
11953637403086984423
11996907997724604961
14396733062165076027
16005420676571254394
13199800775893265619
2737683685231569328
355655009815353132
8926204339344689917
4353436060284090702
3759209879453862334
10009012726620003188
11269352505190318292
16243540491082385413
7746443591156335729
516163599299801822
6667120860365609577
7503089791808055821
9657212986566519326
6551932897730184436
15144049596078596856
6806690644857601651
1310150962429011627
17143010346491308366
15635447919934755245
7030886278239991186
10919542044822309951
1473364674682988838
14421242977531202627
17169445154229439642