8466553829020293699
3724343540504488130
12664917962289797780
3603227721024056706
9374482756006113183
8859934244767123183
10132460438556738917
7031864451123377813
11526675309035646700
2176941256735470230
6210402834456438944
5205302671099611745
5718695581148600231
7767589142035752723
15714181680650495300
1106351806599190097
7397827652284709754
3770914854683081740
16322524070016487859
3111413247518903419
14462713500743464446
12933903714650671916
11925069137080503115
2790182271780217706
16097667855626612026
5703372234087435156
344133007982662908
4911664768996890865
2499263288159388420
7737832957161807488
15669462212914386298
4257247899846298216
10030644233676982381
3589027557221542661
6243188643665998915
1846519333821283879
3829829431083284902
10673625799041822198
6467505563291056705
12231052664881297408
9622337549884599023
11996567147041812290
11941195578127714101
14236716490210286495
3402114861074035523
17435608549988341660
1784949422972736791
11535443871388386689
17287269830105583673
13319403461323270547
5122501906473499291
1057868320028340135
4444672119518119291
17633211515210957718
3748121894772092708
6118782910968646710
7010271529357676920
15592587012664241307
11185414892825492622
8942719347453334742
12080026749758800463
11973288552172358802
14533689377098514937
2693267020981637860
13495499225107617949
14150773067288880970
12731739594334328164
1763221851803855226
18017944728172625133
3461090899966995691
1146037048791636399
14177216817784906674
8786269503048431182
8105897836538804336
16136236397775491924
15427273130912343869
3696628918206730193
6419579611993261964
1641800242607256228
1357402277540511205
12651724225926194282
14834885402866713983
1555350725215712461
6413866008768624381
11398192215150613759
16628916833441122029
13401577688214261610
5784487597071110320
3728690959541163745
2090729702009723906
11078392540593476887
16158405123941614851
11027788654286427751
5610392660075010255
16814383870035585564
5139717477718380684
4444538175041719214
10645230240249521902
4912508665985124556
9344815038874213935