10918899864944646946
14861463088500040612
6415898268089982633
18346989739143474358
12074850844573322025
1872589505969752214
2323784199365067187
9276861977535230702
16832152939771523986
18265400553542014175
11927310902682317113
4634884777952769356
1419246760283060187
7391495478555637401
7491945122501746544
140703425309334967
15371245174112046016
1457952115501410663
13026074145060848703
3957935691755418429
16225465447342923470
15467445728689683031
18195676964449429629
6568990531865956599
12879438140625717248
14788094130456799635
189392609212832624
15910310977114376845
4960414621063288254
9250962678304709271
13366666463212495961
10111950167494379498
18087662766292162561
14921792600017097644
5930568699068252599
4289196212833720159
12759086826900898048
2757025434747842303
17406237520199084373
10424206386295746930
12279130635697157913
3887632968363074089
15295395297729156074
983738065157947473
2422005805554143076
2657027440767280018
6639536833427725366
5222997226512147057
17752885195718020892
1018535097402661178
15742295908272262406
5054994250752080959
4505104147043005252
3622703163701585840
13815044623665549457
8176109926270055571
9194115439307482967
14829299817051941811
13431379909017885566
15677954706250095318
16014084638403370780
16368809997244836682
6219358625368281086
12837037707277554485
639955276352984038
18208781037756715547
6642550599594031723
8993088984744923180
11309616220263486576
7781243541714027975
14320933416795496207
17669828903662812404
15866937123044554601
15958631891995659049
5797144987703177766
14494314307444639787
14984235104358136057
3799744805810302145
11879154443960705
3070593554916263426
5497313221784861296
15267312681594476845
4879092065032682887
4491119974178280187
789685833219515907
4312037403049672138
1182827184158007625
8908102521157231855
7885772831946722854
17729530239890424268
6605039480762413866
14502479152580203157
15563209045436825648
10181306914211322161
12927711514115983833
17242901345259660308
5402401246799463943
9931709771605044422
4258484099673733313
4425732120414492665