14547480495404614736
14949200889769817182
6558151439530375713
17464913152162131089
13100884864785521067
7303692551394254339
232237789262558629
11619890067699766682
14158761207475900479
17517361481999999024
12822317077407751321
15808117564706732235
11590047666212821085
9116963504136565229
13897687331533750076
10110032952734570137
3385436008285364082
9902842585077584822
4987232583806261872
17214245180480061066
8970983291215906737
897062128502739488
16471384923334229042
706723842023868923
16399258970484114840
1554696723573880337
10948256771205474224
255335506437168054
5312014954430142788
6230197667218286995
14514321140213358675
11793462731257813193
16978268732051009359
1941069577288582038
9467873697127481876
17189304145105572828
13448662453547551618
4658448253699909485
15960889772811629578
12367280155332358912
11232868149339232965
5901083789924861122
12349471643401380874
11135127593329340234
12193225331094011557
3687860369039767768
3777321986410574421
1801763045171455099
10457853904732238617
9474075705189084499
3178105378913452742
13468204601191068224
5314549052948991011
12457431891178817471
15988086746423235688
652198952617138835
755749945281753075
14046482706995262204
17719873051218181076
2326308206203551731
17297784795853097518
16981286150703425729
14603401749576975649
4750155281587004649
1973439765865390314
14631915159920702460
5390365616010432190
12951562934498297049
809091334653313784
14084575505167460391
9825846912247393443
439046881436768600
8812531625604121556
588890549769657898
12565815180307940260
12105541853961224304
3592896330264054769
5169635633636764553
1831526472082429214
17140356587774845605
11195719706840826507
5070268487899095573
9158974711540187409
13257435547894419039
8944736016407565190
16196623285620302445
5028396252396400494
13067106860870551182
18311552824992343969
10976269233527165561
3843589432030063458
6363236942474173175
17237418223173137411
12496559522598503661
2636772321302888975
3026801827947800040
16880306366328718766
12553945133600872107
7291607479462938876
2781164150027415634