4678179555631405512
10859256502169080141
1913253924394757355
1547207810529264678
7202605182544150610
5278118231543570414
14168185108842760130
4522460243368813689
18079540296289933429
11875946190501365307
212179076659963847
15196281205004592115
7618849975024123504
10335463612063282173
1977457998816670120
8179052279371485761
10803173441367363782
16340288903471828519
14885506517908257460
17820253391488193236
15500689643336156591
3132565593528396283
9238323251616610685
15509188643626370134
17411872113138245405
10037483472037318539
3900389735369208273
18278613419022804853
5134582463103031230
3073651039268743278
1080945905718653171
14703685324904947243
505517471588056243
12654315571947427201
11634476096717281584
4774960591119394558
8698473955616696639
11084477411441613630
17648074922002742972
2471123806446891516
6614289506102855498
14506225009532109978
11258049375467332425
14248851281607380797
14748930045094078473
3088200275332628736
5166275759943515860
11398664680936129902
7580834802142272530
14893246221237537371
1653849557277835401
3129410253171780506
16434495432765316300
6199463560196257217
5887595074838536202
16881224014102949598
5463950101166970881
11417028426969296736
10726329602742826767
8579183514993757997
13521897858964703994
11005347622286761702
16831665299820768974
4240686185078950899
10313827373547129060
9468535824177545237
12168072720029392128
4858191327720060062
17369416210735864013
4094476096472176419
16573112297666246605
13379987386494757037
15541046909953566309
3199109199954306096
15539659434521507396
5098124004135766007
7638444233784486528
18190195716171413295
6449535939834152636
2692013486955414066
14404679582678013284
2308140090464513859
9876426355283118685
7223930428458114643
11070402850053837823
6277378488757110599
1829837716599172443
15032819630573204140
8261495078018748597
3960792968663978594
9318627445995190592
155304399623398773
5020372583665150285
11581334588068719721
12583401658577499097
11325299574687517533
1140416499352826893
8667378964394889614
4636442179980418936
1227295352394528393