9792230025910173997
3115427701828932191
2639733144039152979
290535422082055568
1490395088825637478
13111281876697037411
8126269788735042948
15763414835033883819
6305575823702134783
13836850886757140123
691886863127814881
11380655624865102513
8544740196485564410
5162676313704006603
6059570208449885593
568099709749823870
6321800220841277501
5231461669919686769
14543323738329038637
11973763595357525582
13997995076519558979
5521031346199704918
6322391530862882760
2690366752755962244
15592265630331014101
1812568272647541610
12558787713373029016
7443030344006665796
791228566787957603
7772480375310345520
12513069392349858955
10335556129308529405
14728893999485083141
6523511931825209541
11342653061416099269
7810685841729585017
7069595616527988491
9267778140929321807
18256288208682087077
3931572800557977834
10300724888870269566
16800262551452332000
5534788237664680051
226516026801244999
2924653249254336383
2000225542541241324
10647960277778146216
17927169681297285774
1578113210352043045
14824124664828407339
12337402002523439750
11919961821796598090
15697007563704019336
1368429459420356558
6039259082820015592
2229971741580172021
4501273752561679349
7743278657100733919
10865948064046910790
320994394754301256
18398407571521458608
13356347096799406107
16684289253799330188
10532225044489223976
4416323910012260782
14719994654158758862
8599107946878585747
7480058261609154779
6139862669106352317
13030023185614687488
6844173844491986237
10472101977786543404
12131660921048102058
15708635485334713902
13588045173882171480
8326712721258126617
13980740880536779573
752447291743496379
3831067422417793656
10550098549531487021
3911319100766863324
133908721874485428
3073645036732232172
14269228468269496653
4295026545851910794
9833852366445350373
11842232678775391914
13013759014346960774
16865083525791116354
5617160234523395553
13060349520056580861
7578210514272918328
16569651369445650761
4708716164976175312
6858293951054114924
4783254639748408060
7925254403912369604
3921147877736494677
3822923305726823075
17896697951587871670