9423680177456018668
4555312654813948318
2999321346388265565
13548087411463716799
13517347726725369638
11034175564209947254
15937026556022544262
8194681285600366734
6738941332362302930
12494064572261056899
2321585297151701017
9513028737992023910
12020325206564800351
16665739516405239856
11621978389001773957
1491660385002239847
10872251524219588509
12102882745224397453
9890739704233673908
8764915811362978892
11105762652573760280
12053029324073421868
16983612987252561152
14037879299615061363
18324679116700089457
3430924935714307527
10951887612065283198
7724853515013368331
4972411540766803894
5142370593920186907
17314342347890628617
4445371484505778019
5573618412007904456
14545637725360385150
9924321119293381303
10823015329640702938
12983837499906594059
8440609242241598883
16078249522210144975
11818059750203163006
14702135761365342365
3983646686733259187
11219280214654610517
5039174696318430142
8457983730087264896
5853070295365064689
7702803453757593599
5015561869899469593
6727774169900815634
16973306199548334048
12387476251535962359
18172550277122246734
8594151770812256453
7355230838673840194
16964247992529942177
12255497317190042012
16924303865138681924
4398672517153850493
11192300459122077000
9349900903451144432
7527387480518718639
12778567198088265285
2664175731560226460
12571130274205221159
17960652763773740642
3586139135067841024
10456209409795169478
11873124256807499668
6352779560595972444
6801553734077450530
18273656672791982087
17488557847430031544
10078955780383136578
1265541351617061689
4495600181636450773
12647624611196493468
6083884806071486128
10911617193600894538
5766533250868213990
9584665561879678715
6945977063596753820
10140259523396171649
17504447863750206661
1975022730998906973
9520020390636280395
4108105441001318293
6545118974833658944
16443462547142554247
8510778158740798264
17807048272515278304
884635633844949705
6144211992364666377
16655894334086639342
8697420797555846260
14266226251236244814
10499911112595537546
11996934967432249356
16897040686106981283
4622593101667374417
13383328980961913148