4331803564075735273
3663435464433256899
13950927754578397702
10495922023949473000
15745263781775729237
15913296701370332213
946079152653266878
5494519321928122580
10735076035147973152
7412666659502009119
15070728651746407522
16489297829113477890
3187662482373608792
11166646407935339790
1981837030279269451
14252915777124014160
4525564614508452532
11928226136261665864
878025716201673448
4030888359132277538
8510322141191206994
15893771359554920565
3791041815307406173
2898416584711154492
3033818983610477444
3303656237023726680
16151489073403643237
11406483833382335790
16982807793943400425
4812370368955323396
17936628928374017511
11303933915505626647
7708959143745885961
3466116346872555754
14537798960668728630
2145533205251072451
17455182404575505319
8197274686405368249
5836336421957629796
3762086627995722912
16031460682252308341
3935371359320064896
4336128522583632936
5949396968633804442
13548130284216071468
18031584233721927240
274472149586945864
2782066176676891021
15839673969685253359
17269166888805905181
6144343873815779464
12779174544046572707
6193859615406085589
4614341944021966576
7445432796885102232
1777003287008090572
18411285214548763054
16688992944525957005
17602384689699079807
6800556048285688295
4018352714468100299
14067878294810231579
3087545996784858975
12694843881304571182
8771926201617585054
1628654386204272690
10405970305713720251
5640172731201103718
3143950738345343087
6261870830459220558
16162902298100392113
13028083694725969508
9930268362993627714
2902186714831237433
5069436140889581776
6423918166922579177
17825842052442008781
3944089715792075605
15053004263951045903
7367728562985292077
9059773765597816004
4240295724305751909
17025036231864367976
14199805402665290303
9602559491184730112
18423747444266171049
9586798910395672830
7611180177180281745
8021942520276175040
18073320711780620191
7019074077904965148
10086401610871234855
1937421377409218401
16694469018939989278
9603414550524748502
11549685106683104417
5939996216648988452
7480154246079913969
12251545989908863050
11679404985808402765