1851189838725883935
2036351604262410280
12336775234575614405
3725305363189456545
13370747431248090431
3318809969154140170
16514213540200325618
7279406102517640875
13849574535397271946
14121489631185663688
16062558857135145296
360046089956730125
884443305456377272
14665445587562061484
10766139214815437593
14740750742792502537
4391033409491731832
506750473018358000
3183164639757539921
238126269319460331
17733214974776505243
184724714318336926
783818567143591214
4140969026586936967
6686544412599454486
6581665674748759199
17920676313025973514
13304210424844447670
6916916279251988376
14305441311674323864
5129673737076957865
8854939409556750940
223764510942139706
16077008764175007327
6686821771294802508
13678742456743607044
16008923777888587399
6845670791830982915
4404126838700902507
6121659734937259828
8372651463446509672
5053035698856975451
166306996931015870
6449038562986718028
15114192777288701071
17764858200251525553
14322571981370753838
16943551074424756237
12297731864260562070
12520738803460003309
7720133396508576122
9373896076871955371
831295647655021669
9885874327638760858
3249724229552645139
539759051891783139
3270051089590129844
10333616706123912449
9612307511604369682
14251326197944609129
17935133016218839809
6300751581651845001
17929571346811722260
13323935606349467417
8204659991019631761
3614589601193328466
5080107505846815441
18149918657159970861
13127468189964374110
16877126119725725687
282534186167716176
8215290699398027742
14318236249634760096
13835727934543564426
3752731981772302779
3280654530309033031
14336234053076649741
11465596783334726915
12577464024820938026
9876403260930704053
13202125843988010694
9017569104938681317
9139964109217155562
17651487376199232689
9019334559530755343
6918553532349137652
6269734484203054201
1201725823163882548
3041243108756982210
1046206331401136912
15944989184281807634
14385123309248798850
16400369404111310647
15775011122425310335
15767383096364367627
17343859209083785245
13110206031089961001
122162100277008221
16537135009085593919
1692839394832629388