3367705798942158336
13198395764634881609
9249963192397613693
3579875839552156056
12757952695412051010
4221737061344624206
18343046259364318965
10086580081326880279
5565232353422549370
10577327675883730418
13360920579758529593
10424312280631172004
14775109523778300774
13140456071120290230
12987400099733932239
16652784253174908930
8374800123102198362
7992045888340948840
11265201971744496166
3146608421800525858
17887881281039868024
12531355778114990409
11512879126454664184
17130226913016397959
11865060095226978809
15933567749653343052
11839984896290513335
4767729852104406161
10594147081448584572
14583868209228492259
17182071817433349670
17427774534921029968
758447994092130463
6456022252768863824
11033263475936139925
7154458709400514088
18108295787812472752
14258368300927045329
15222818816852420963
10655053522045073688
13492926127649683934
18041951163368818498
12148250098716402839
8060377750199021059
15886187442485908700
2779400493435613102
11735215836470409936
7723376749627458179
633432513972557097
8704758083736047712
17257698381318438813
11199536159610223450
12942043253138086585
16899654127763525593
8193101715666150391
14596295916450101203
3053708391409587423
8141055524785202724
11526430950341537893
8711775640967240268
18265632149662614712
13166792345153054490
9798207299744755510
17771998048723469525
15746205335218072903
7453103536040277648
1542096061593301491
15331831205449932391
3726654069660288518
7712590095392232852
11516438662657215489
11748878572545293224
11946893221754111551
6727744028296675608
14779404022087356955
16000739100674672198
8926177661591144961
7809750512086551154
18074330575077399399
561104084125524871
16727668230673998987
3419945353871388388
15736981789177175176
5954697936926722151
11639345317735146932
14430667800306994317
18179605053356022764
6544287949580956853
10107373013905726847
16419387764155350134
10577163047306243325
1701824484184000158
2252810944410538
5030648075273617
2657824655328048423
6870417052082172435
16450304271283491170
1103952980309621151
13489990970379386242
1100712130962561360