1392012132482961341
1642283588197222237
960675385065691484
7044594096374574640
1814126987280376871
16313111621623810280
9933224878618139725
17434638177614813664
5074162032784971707
13876016550695051930
17872998630604271669
12326149573767136787
12550108483734490166
10479626386376435717
9217412214291936360
3462708593160210519
4204678858738386315
1946890043971509793
6901490961992672334
3760072016203925249
17089921027394896608
6019111934641739200
8463631834712611286
162888756738836929
7687499267210555513
16289610817149384295
2017751233316483072
13905262209669342023
8334449453567527109
3980224129521379117
9505814720974762580
9455616969613711036
6182973909020734712
4923133949433200884
12357057060511581715
12376162750025099743
6258390821212809802
396864891826372645
5245022929342910169
16089663619488389979
682037572248458457
4061090741988743645
13728332399851028189
9856708681867644916
7021609404977655445
5089048624487142693
16069005155114014559
12413795534976963613
2652273373313944883
3945596645755626527
6119297957322035484
18349264790506268568
10498584592797832264
17119681031115507893
4439338105467802611
8617620931453830921
5927001713605312085
4537119261000255257
8162085444709839808
15396218180849075274
17503582255884060628
13692671588896060104
17363878054740507653
4156585820497729010
3449672313918896875
379388816498656702
2171474510007956165
14586995291255424651
7975383630874854332
16821364611119316063
2327644479237684035
14524924595567666050
3409424519698121907
10357350194513748865
12276705823277575955
1165967927306299600
13725923645669767905
9632442462209717519
35149575998057758
7833066601315268020
11011837781291748463
1402811497540127781
12573482254982537432
3297208034709754934
1784847374068930473
9012904276878469420
2280189518776778230
11302292818385868059
2905500649707469950
1152320479495293597
2988099358344847713
12069621634306375211
6748734946622965297
1499424607187116441
5457806739960467296
9538275241688126536
17852258425920862262
10279075212474910556
7412996354074524522
5736062489921030675