9616134598679192144
1129193306406773199
12607787053267724129
4870736400820010289
16756065193983328804
9793519376582274757
16173936170955178512
8131666689158246187
7090681383219154789
5757489503704701135
9670503294457012344
8316988647321508016
16553070127058168234
6063905333259712879
3971234476065725712
78125024550623233
6804356312290393496
14486242353641134720
11310123252414133838
16324129365589121074
2830353693092372445
15408342386955608534
3691723357304109167
18262044234039179922
2085553957065350156
11678215714699470990
13417653419138201761
9761830715918912702
13971872742013288106
8491299764758500848
13145826443308432780
17881480885671094979
17290898115985632263
12714264661729349011
3473189766262387955
8055753970085564098
16916748893207294833
11430947462801627831
17447051438778859174
8051476897858110086
17877357065771043939
3846010174216623805
11518183166491349558
5147112672931504544
1172458685775395317
242084332730594264
17228036816772299350
9247968027741987961
10939818442815104943
8378467866698459316
2330388261764484935
4931827179137517471
14583913963398861427
7294414378299887931
16263352196853213769
3769559436511623223
15220553277549538395
12997133856492331403
14837945564540473086
9423404988945213706
8408578049761840468
3468780953514574885
5308374355702882821
11530964863519135038
9330163006297896782
17789529750954981047
7771833143104494895
9725095704966934214
4464577006246606405
16003233438382488319
16338204567110938028
10519675190263133554
9625441205220458625
1272371709047728701
3559472586537749970
8312775093261574855
18384946636799066206
3167629507664410640
15140237782480356064
4209557754412974659
1658124601038749286
16952729833787875122
896056748946097754
8545733676382426996
17865098936858902170
10093248172522071987
6760582835710594162
8623853697192136487
12915786170492714609
11289158697918412009
8497549309528387883
9568966304906831641
15207547347914266780
14283710541007273257
7946784749245408736
4266891794949759413
16167067895829643886
2701805098060552449
1990543879156029755
5024346715435994191