12171685501864446631
12070910810823879149
5192673520973579139
10540622334232657720
17572823801853234413
16801725663867500875
15065842660240164084
2428292621593178933
1054596736566938606
6474685299655319188
11711865051534505915
2314827237078836878
11116791964158392066
15230296335910043040
4574771172559709892
4576650823879994272
10841003504766162238
2062890839610837527
14268666936147787732
2818813437004544849
14057111024384733849
13042222610139993344
1461990149714056697
11973187857315874102
1889505067673047340
8501708110088151601
12544560955929666888
3979858817576540985
13983590810614052591
2348740647182756812
16443814080475575237
2562345136496716422
13314935300875809093
7162736099353159295
16727789245862241292
13109710327441319665
13284445459784239443
7781288178681274288
13170522671502941975
10078723830085250385
1098893414591000310
5189887628020276701
2801255301770445005
10624784545527786534
16036732494268606565
2433770959254273938
2212339393577066712
12057503177574638614
2571872986077513881
11258780250905930612
964787506441571659
3441429800344609142
427621097701486089
1273485593606708106
1385914967009228779
16587419839030208242
7951643052416350937
11365811154434039946
17032248490905090734
10363954071069510143
4959627742229844193
8457628035488982550
661368602156543996
10378788129540757798
16974288973716679536
15531228076854941031
15719185351120959940
2712434625304820666
17891981437365927616
17140310234405717754
7474456347079504066
9500581061434633080
15153935510832979687
4103642500002672740
12692896665934740435
11474353046345199382
8043823153487066683
14626032375177380316
11636886819510846528
8439659310021636083
9564861905999491304
7627391772236813983
2952988958271240080
15559919552330035689
3407002757692323221
14277859521270606195
9159649309882835492
14746190659407987034
9797995347301865171
4108654271323752297
6427079279201120731
16295701594139058789
9482249319049044720
18329979407156169744
17632649471777345432
5976304048664602775
10053431534945862788
4461449967855359350
18077078735984322969
11263737545232873765